RowNr,N,Mean,SD,Instance
1,3,0,0,1
2,3,0.946251526251526,0.0312308245094526,1
3,3,0.927142857142857,0.0551826486909906,1
4,3,0.956031746031746,0.0480370542288674,1
5,3,0.950720390720391,0.109041081142708,1
6,3,0.952258852258852,0.0538225800398387,1
7,3,0.903711843711844,0.0808256539885478,1
8,3,0.954273504273504,0.0999619695380889,1
9,3,0.984920634920635,0.0777435946911068,1
10,3,0.935372405372405,0.0479496040758698,1
11,3,0.957594627594628,0.0871794897446157,1
12,3,0.926275946275946,0.0792453346679554,1
13,3,0.932380952380952,0.0652433087941103,1
14,3,0.9104884004884,0.0555127731793647,1
15,3,0.945042735042735,0.0681831144989964,1
16,3,0.923040293040293,0.0437736294327196,1
17,3,0.971135531135531,0.0684787439892801,1
18,3,0.920720390720391,0.0718742210581571,1
19,3,0.888949938949939,0.0685682031477942,1
20,3,0.897167277167277,0.05841010908746,1
21,3,0.93981684981685,0.0507511636078301,1
22,3,0.95026862026862,0.0783504952704817,1
23,3,0.889279609279609,0.0536252893930173,1
24,3,1.02647130647131,0.126913648611083,1
25,3,0.907155067155067,0.0603498761100895,1
26,3,0.968266178266178,0.0868628807348436,1
27,3,0.947264957264957,0.0793523808757274,1
28,3,1.94526251526252,0.14358672687519,1
29,3,4.10997557997558,0.320995668393251,1
30,3,0.977802197802198,0.0443466769402031,1
31,3,0.919487179487179,0.0674563681516264,1
32,3,0.90004884004884,0.0450166955978206,1
33,3,0.993797313797314,0.0495957890622715,1
34,3,3.84992673992674,0.257312382155933,1
35,3,1.9557264957265,0.130089064047302,1
36,3,1.86919413919414,0.111880886885562,1
37,3,0.943919413919414,0.0601193761167651,1
38,3,0.910732600732601,0.0964587803892752,1
39,3,0.886275946275946,0.0412262451166302,1
40,3,0.978925518925519,0.0852091919095653,1
41,3,0.948266178266178,0.072701961390122,1
42,3,0.906288156288156,0.105598775376381,1
43,3,0.930720390720391,0.0876220592341818,1
44,3,0.934261294261294,0.0621708991175842,1
45,3,0.917045177045177,0.0835056973091753,1
46,3,0.93037851037851,0.0574674300138402,1
47,3,0.925921855921856,0.0262132469298796,1
48,3,0.900622710622711,0.0950865728999208,1
49,3,0.894505494505495,0.0673343472176942,1
50,3,0.904493284493284,0.047218167961065,1
51,3,0.935262515262515,0.0697417556525136,1
52,3,0.961025641025641,0.0328645537846402,1
53,3,3.81406593406593,0.0122508718046501,1
54,3,0.948485958485958,0.0634415138774875,1
55,3,0.94015873015873,0.0885334446629359,1
56,3,0.894945054945055,0.0553464217009061,1
57,3,1.02145299145299,0.082459056177292,1
58,3,3.84775335775336,0.10225480793125,1
59,3,0.932612942612943,0.102807210136914,1
60,3,0.909059829059829,0.0769732030411393,1
61,3,0.914493284493284,0.0762691226711245,1
62,3,0.905067155067155,0.0975429906196781,1
63,3,0.888608058608059,0.0439455268248388,1
64,3,0.915396825396826,0.0924279867174819,1
65,3,0.888620268620269,0.072901469703662,1
66,3,0.967142857142857,0.0610025834923715,1
67,3,1.89619047619048,0.120977687641273,1
68,3,1.89108669108669,0.144003465673605,1
69,3,1.89440781440781,0.107367413366608,1
70,3,1.95728937728938,0.145189669000365,1
71,3,1.95029304029304,0.164590404360593,1
72,3,1.99736263736264,0.0873590971552915,1
1,3,0,0,2
2,3,1.04889133089133,0.0503913865376013,2
3,3,0.968346764346764,0.00751193134985515,2
4,3,1.01032478632479,0.0321929314374861,2
5,3,1.03719658119658,0.0356476781591953,2
6,3,0.985238095238095,0.0338497413381865,2
7,3,0.997885225885226,0.0271519121330171,2
8,3,0.977997557997558,0.0256169780832884,2
9,3,1.0294358974359,0.00570776372429812,2
10,3,0.984017094017094,0.0306153559821768,2
11,3,0.980009768009768,0.0139105916389749,2
12,3,0.987772893772894,0.0233946532111557,2
13,3,0.99247619047619,0.0784673480917591,2
14,3,0.982791208791209,0.026679074720628,2
15,3,0.966117216117216,0.0227569243240556,2
16,3,0.936798534798535,0.0196831657765578,2
17,3,1.03399511599512,0.0263450397916109,2
18,3,0.974676434676435,0.0170194256043677,2
19,3,0.980102564102564,0.0809264566581611,2
20,3,0.952468864468864,0.0223217708811923,2
21,3,0.986886446886447,0.0180122967534111,2
22,3,0.97156043956044,0.0310539867313446,2
23,3,0.957899877899878,0.0342588835040756,2
24,3,0.99768253968254,0.0424965073483725,2
25,3,0.966791208791209,0.0342211101991184,2
26,3,0.966263736263736,0.0795008765903316,2
27,3,0.996126984126984,0.0536589831262541,2
28,3,1.973221001221,0.0319223532107074,2
29,3,3.9843663003663,0.180986449314769,2
30,3,0.9961221001221,0.0305790400822593,2
31,3,0.980908424908425,0.0437981216862378,2
32,3,0.936014652014652,0.0312550758265553,2
33,3,1.08165079365079,0.032920068569006,2
34,3,3.93743345543346,0.206877549945844,2
35,3,2.06808302808303,0.0244132347093347,2
36,3,1.96791941391941,0.0619150621077342,2
37,3,1.02642002442002,0.0425968617565146,2
38,3,0.970459096459096,0.0190076734330008,2
39,3,0.958549450549451,0.0539819731842641,2
40,3,1.01033943833944,0.0399698160165816,2
41,3,0.99165811965812,0.0363488587907981,2
42,3,0.957797313797314,0.0368490458875018,2
43,3,0.983765567765568,0.0470081570476825,2
44,3,0.971352869352869,0.0279288503341565,2
45,3,0.97846398046398,0.0569188199167823,2
46,3,0.950903540903541,0.0485379131398639,2
47,3,0.970673992673993,0.0375432372938943,2
48,3,0.948800976800977,0.0412051705911831,2
49,3,0.969106227106227,0.0407748923990277,2
50,3,0.94970695970696,0.0704400175992205,2
51,3,0.978759462759463,0.0671835380651129,2
52,3,1.05688156288156,0.0303172775847092,2
53,3,4.04609768009768,0.302478155788498,2
54,3,0.978547008547008,0.0478370654883708,2
55,3,0.958803418803419,0.0387521782241454,2
56,3,0.989199023199023,0.0721726014389589,2
57,3,1.06130647130647,0.0357988167158996,2
58,3,3.82554822954823,0.127172853368734,2
59,3,0.997760683760684,0.0605755939799022,2
60,3,0.961343101343101,0.0246992220179771,2
61,3,0.939008547008547,0.0547023824572979,2
62,3,0.941159951159951,0.0774005791121333,2
63,3,0.960578754578755,0.0415737864280142,2
64,3,0.934908424908425,0.0129475132981254,2
65,3,1.00420268620269,0.0665504200582193,2
66,3,1.05319413919414,0.0529976570587671,2
67,3,2.03332112332112,0.1117034293337,2
68,3,2.01197313797314,0.104257276476431,2
69,3,1.9597557997558,0.113577341934523,2
70,3,2.06900122100122,0.0878740287987153,2
71,3,2.06639804639805,0.0698172854297774,2
72,3,2.15969474969475,0.0895425147671708,2
1,3,0,0,3
2,3,0.996888888888889,0.0745991758469022,3
3,3,1.00288888888889,0.0848432105142797,3
4,3,0.977111111111111,0.0622337290947364,3
5,3,0.984222222222222,0.106346045913713,3
6,3,0.938666666666667,0.089918481600466,3
7,3,1.00888888888889,0.121489520962525,3
8,3,0.946444444444444,0.0911807322076651,3
9,3,1.01711111111111,0.122282611343711,3
10,3,0.999777777777778,0.103795382756082,3
11,3,0.975555555555555,0.110950105569693,3
12,3,0.954,0.0680881781221968,3
13,3,0.975111111111111,0.0977737372902545,3
14,3,0.986444444444444,0.110968130226322,3
15,3,0.958666666666667,0.111019517803553,3
16,3,0.964222222222222,0.0768558053423085,3
17,3,0.985777777777778,0.143643591856656,3
18,3,1.002,0.106226173799116,3
19,3,0.921333333333333,0.101298239537187,3
20,3,0.952666666666667,0.149750904282189,3
21,3,0.945111111111111,0.0894037864804229,3
22,3,0.968,0.0643739077577243,3
23,3,0.956888888888889,0.0724962323414376,3
24,3,0.950222222222222,0.0853784602899436,3
25,3,0.978666666666667,0.0689734248340137,3
26,3,0.936444444444444,0.093155385920117,3
27,3,1.03311111111111,0.0985141463802891,3
28,3,1.90466666666667,0.154069248499931,3
29,3,3.97244444444444,0.39033736595317,3
30,3,0.965555555555556,0.0902695551810941,3
31,3,0.960444444444444,0.101904821243122,3
32,3,0.972,0.127059041394149,3
33,3,1.07,0.0890168523370715,3
34,3,3.88,0.256468321630567,3
35,3,1.928,0.148162073419617,3
36,3,1.91622222222222,0.170849294647305,3
37,3,0.985777777777778,0.11932650508087,3
38,3,0.958888888888889,0.0796724777053136,3
39,3,0.965555555555556,0.0996757706730139,3
40,3,0.977555555555556,0.149877480827706,3
41,3,0.976888888888889,0.0826379878568993,3
42,3,0.932888888888889,0.0978010073416273,3
43,3,0.968888888888889,0.0909928772141188,3
44,3,0.876,0.0523067873224881,3
45,3,1.00933333333333,0.0877572409168231,3
46,3,0.931555555555556,0.084541464733344,3
47,3,0.967111111111111,0.115595719515778,3
48,3,0.928888888888889,0.126331720892671,3
49,3,0.932,0.119264412127005,3
50,3,0.950888888888889,0.124572751315729,3
51,3,0.958222222222222,0.103711851531771,3
52,3,1.032,0.0826559132790874,3
53,3,4.03222222222222,0.513856155113616,3
54,3,0.935111111111111,0.0853992800732948,3
55,3,0.987333333333333,0.144531426801694,3
56,3,1.01377777777778,0.16160491375001,3
57,3,1.03311111111111,0.0608471065077902,3
58,3,3.82888888888889,0.452645229405661,3
59,3,0.959555555555556,0.0974915001043301,3
60,3,0.971555555555556,0.1068110134424,3
61,3,0.915111111111111,0.0931649274335773,3
62,3,0.943333333333333,0.100286256951455,3
63,3,0.931555555555556,0.0955576227166585,3
64,3,0.925111111111111,0.119692816703302,3
65,3,0.954222222222222,0.038281607613598,3
66,3,1.00088888888889,0.136341618873465,3
67,3,1.93711111111111,0.205668917689824,3
68,3,1.95555555555556,0.162219786891918,3
69,3,1.89155555555556,0.10156406480276,3
70,3,1.998,0.243499486652436,3
71,3,1.98244444444444,0.194927146884657,3
72,3,2.058,0.155858910556952,3
1,3,0,0,4
2,3,0.989206349206349,0.0784795037056788,4
3,3,1.01801709401709,0.0853359425965313,4
4,3,1.00488156288156,0.0251527559061053,4
5,3,0.982112332112332,0.0194101984592722,4
6,3,0.969010989010989,0.0500293356762725,4
7,3,1.03710134310134,0.0112516033008783,4
8,3,1.00954822954823,0.0256966777878043,4
9,3,1.02532112332112,0.0644155500218374,4
10,3,0.982559218559219,0.127455862102335,4
11,3,1.00368253968254,0.0580316070992745,4
12,3,0.988559218559219,0.048334916815041,4
13,3,0.937919413919414,0.0480231420104082,4
14,3,0.969435897435897,0.0665159637871036,4
15,3,0.969687423687424,0.0639644671908826,4
16,3,0.998788766788767,0.0833352719923699,4
17,3,1.01075946275946,0.0455271277595902,4
18,3,0.943028083028083,0.0802235044658217,4
19,3,0.987103785103785,0.0400699855579551,4
20,3,0.979912087912088,0.0515765962983959,4
21,3,0.961995115995116,0.0533385993120049,4
22,3,0.966581196581197,0.11469776576273,4
23,3,0.979680097680098,0.0563853331237974,4
24,3,0.954903540903541,0.0623411569868879,4
25,3,0.957130647130647,0.105880971584828,4
26,3,0.907264957264957,0.0396054948516159,4
27,3,1.04266178266178,0.0294310738123593,4
28,3,1.95325763125763,0.271924301038398,4
29,3,3.80330891330891,0.339467192710851,4
30,3,1.03,0.03,4
31,3,0.893379731379731,0.0788832717431283,4
32,3,1.02176556776557,0.0257777443494355,4
33,3,1.03318437118437,0.0899630538746321,4
34,3,3.99859829059829,0.374464057374238,4
35,3,1.99190476190476,0.097848742542935,4
36,3,1.96732356532357,0.0667429987404644,4
37,3,1.00932600732601,0.0482602849770502,4
38,3,0.926805860805861,0.0453553007053237,4
39,3,0.94435409035409,0.0071900808936828,4
40,3,1.02264713064713,0.042328111611978,4
41,3,1.01456166056166,0.048287234446282,4
42,3,0.945365079365079,0.0393519307277676,4
43,3,0.988652014652015,0.0559901932747664,4
44,3,1.00268376068376,0.057599271612508,4
45,3,0.956129426129426,0.0427562183712837,4
46,3,0.977899877899878,0.0443434898448444,4
47,3,1.01878144078144,0.0393042104624136,4
48,3,0.942808302808303,0.0669825600958416,4
49,3,0.944466422466423,0.0544172650023651,4
50,3,0.977142857142857,0.0823024674303554,4
51,3,0.979545787545787,0.0578966586105349,4
52,3,1.05453968253968,0.0424254804425187,4
53,3,3.85857631257631,0.489906098573538,4
54,3,0.96610989010989,0.051037127311996,4
55,3,0.99401221001221,0.031696291642835,4
56,3,1.00044688644689,0.0330266233915604,4
57,3,1.01563614163614,0.0929362910788022,4
58,3,3.87261294261294,0.277720256760925,4
59,3,1.00333089133089,0.0654248817981757,4
60,3,0.9661221001221,0.0176842689984092,4
61,3,0.949782661782662,0.0746503126599589,4
62,3,0.937714285714286,0.0698055608567872,4
63,3,0.946339438339438,0.0342358246126024,4
64,3,0.934468864468865,0.0587160977636553,4
65,3,0.958549450549451,0.0992340000312391,4
66,3,1.03598290598291,0.015652230818887,4
67,3,2.059221001221,0.0533293382622628,4
68,3,2.03410256410256,0.138527287333446,4
69,3,2.06695238095238,0.120507882148281,4
70,3,2.12886691086691,0.110682059700826,4
71,3,2.18474236874237,0.188678257454007,4
72,3,2.22806837606838,0.256989301733258,4
1,3,0,0,5
2,3,1.00021733821734,0.0780081400421158,5
3,3,0.946246642246642,0.105363105318679,5
4,3,1.01588278388278,0.0387239968799854,5
5,3,0.944791208791209,0.0902624183338779,5
6,3,0.952884004884005,0.0656160443262599,5
7,3,0.98020757020757,0.104166591125575,5
8,3,0.985870573870574,0.0814876722551296,5
9,3,0.982004884004884,0.116369354597278,5
10,3,0.957123321123321,0.0463170098831752,5
11,3,0.966874236874237,0.0955282585505051,5
12,3,0.932901098901099,0.0527419019467536,5
13,3,0.968124542124542,0.0846478167552401,5
14,3,0.948901098901099,0.025029092546639,5
15,3,0.946681318681319,0.0983348576741137,5
16,3,0.97034188034188,0.00903035036424802,5
17,3,0.990327228327228,0.142411136277136,5
18,3,0.940239316239316,0.0446084678792131,5
19,3,0.950986568986569,0.104539524299128,5
20,3,0.902910866910867,0.0651799286707343,5
21,3,1.02388278388278,0.12675840979796,5
22,3,0.938576312576313,0.00902986894140617,5
23,3,0.959120879120879,0.0938701132940614,5
24,3,0.958896214896215,0.0596779458633439,5
25,3,0.964581196581197,0.107519291216891,5
26,3,0.923252747252747,0.0445571885072737,5
27,3,1.08586568986569,0.146678222664728,5
28,3,2.04036874236874,0.228234970071629,5
29,3,3.99473504273504,0.345196706477064,5
30,3,0.962336996336996,0.0652274973755637,5
31,3,0.915709401709402,0.0594290240341792,5
32,3,0.947235653235653,0.0698401754996788,5
33,3,1.10484493284493,0.117683761589539,5
34,3,3.83631257631258,0.211534910562249,5
35,3,1.99145054945055,0.160556228509254,5
36,3,1.91011233211233,0.111646851905874,5
37,3,0.955350427350427,0.0549675974920877,5
38,3,0.936021978021978,0.0730196520189496,5
39,3,0.959340659340659,0.0718452764679401,5
40,3,0.967575091575092,0.0954006243493519,5
41,3,0.98054945054945,0.0529697054230329,5
42,3,0.94191452991453,0.0389176825873617,5
43,3,0.950222222222222,0.0749676473430249,5
44,3,0.920126984126984,0.0809706048581582,5
45,3,0.930251526251526,0.0315364673152304,5
46,3,0.948229548229548,0.0777397545177525,5
47,3,0.960117216117216,0.0602991500338162,5
48,3,0.885145299145299,0.131431708901451,5
49,3,0.964114774114774,0.0941681682677148,5
50,3,0.882603174603175,0.0558684341555786,5
51,3,0.967894993894994,0.0700258725217759,5
52,3,1.06906227106227,0.109330857022527,5
53,3,3.90016605616606,0.444247656335797,5
54,3,0.966327228327228,0.057854635440663,5
55,3,0.974688644688645,0.139508614299449,5
56,3,0.88181684981685,0.0453410683120789,5
57,3,1.14941147741148,0.164586101673432,5
58,3,3.75319658119658,0.182190061464952,5
59,3,0.974781440781441,0.0964570948309345,5
60,3,0.917916971916972,0.0710247763071865,5
61,3,0.945577533577534,0.0958531801085965,5
62,3,0.923264957264957,0.110398719529365,5
63,3,0.955899877899878,0.0868700391370835,5
64,3,0.902368742368742,0.0869857894769208,5
65,3,0.971428571428571,0.073924641410762,5
66,3,1.01187301587302,0.129747192991568,5
67,3,1.94957997557998,0.190032236405463,5
68,3,2.00787057387057,0.119502229494271,5
69,3,2.02806837606838,0.166386678692656,5
70,3,2.06576068376068,0.257305699701422,5
71,3,2.13508180708181,0.277687800565114,5
72,3,2.0582148962149,0.163375674653916,5
1,3,0,0,6
2,3,0.986666666666667,0.0416333199893227,6
3,3,0.906239316239316,0.0581233658948021,6
4,3,0.906471306471306,0.0229266967166384,6
5,3,0.951235653235653,0.0377203164753174,6
6,3,0.946688644688645,0.0113357671817358,6
7,3,0.945345543345543,0.0616747184754308,6
8,3,0.946888888888889,0.0461414893240025,6
9,3,0.979775335775336,0.02460243132639,6
10,3,0.92402442002442,0.0307567053987568,6
11,3,0.930019536019536,0.012481044857844,6
12,3,0.894241758241758,0.04670259742348,6
13,3,0.956017094017094,0.0073077073024288,6
14,3,0.929130647130647,0.0127182743609947,6
15,3,0.919240537240537,0.0246285508279354,6
16,3,0.893372405372405,0.0462514726151162,6
17,3,1.01554578754579,0.0372882200789085,6
18,3,0.927448107448108,0.0534191201804668,6
19,3,0.91414652014652,0.0508274000891271,6
20,3,0.907577533577534,0.0230579913429133,6
21,3,0.943347985347985,0.0130342147417752,6
22,3,0.88825641025641,0.0212126145591852,6
23,3,0.962014652014652,0.0751780347427416,6
24,3,1.14370695970696,0.358720428091192,6
25,3,0.972253968253968,0.0587569908675772,6
26,3,0.881575091575092,0.0884288004703207,6
27,3,1.04221733821734,0.118430930493034,6
28,3,1.89769719169719,0.0260465744533463,6
29,3,3.7639536019536,0.170898099183373,6
30,3,0.97557264957265,0.04540794224028,6
31,3,0.905020757020757,0.0287079534573092,6
32,3,0.925242979242979,0.0501789235584504,6
33,3,1.02309645909646,0.0180772275205605,6
34,3,3.82007814407814,0.0515329713399069,6
35,3,1.94191697191697,0.0232055353625789,6
36,3,1.90769963369963,0.00580321058981843,6
37,3,0.935010989010989,0.0401254944808165,6
38,3,0.925028083028083,0.0102303707473151,6
39,3,0.905814407814408,0.0166858728178384,6
40,3,0.953582417582418,0.0645191894821154,6
41,3,0.936258852258852,0.040633395235293,6
42,3,0.890923076923077,0.00711269295358235,6
43,3,0.925362637362637,0.0166181752409695,6
44,3,0.988683760683761,0.0494610355634557,6
45,3,0.890708180708181,0.0133118982661525,6
46,3,0.915142857142857,0.00970914896868646,6
47,3,0.950236874236874,0.00507307537693362,6
48,3,0.913035409035409,0.0337450413412611,6
49,3,0.936246642246642,0.0121976731303236,6
50,3,0.912910866910867,0.0315345909681627,6
51,3,0.93358485958486,0.0511732369005128,6
52,3,0.99165811965812,0.0485925872473712,6
53,3,3.63238583638584,0.232001972995099,6
54,3,0.947240537240537,0.0317231837569792,6
55,3,0.95589010989011,0.0476697746153675,6
56,3,0.914583638583639,0.0340150246507177,6
57,3,1.04144322344322,0.0403809344380785,6
58,3,3.62155067155067,0.0530591401629613,6
59,3,0.934456654456655,0.0320466000417723,6
60,3,0.975123321123321,0.0149868630426387,6
61,3,0.91425641025641,0.070847077214024,6
62,3,0.909028083028083,0.0186013029375768,6
63,3,0.899042735042735,0.0305059390358414,6
64,3,0.911460317460317,0.0402103689579058,6
65,3,0.924581196581197,0.0386886060771495,6
66,3,1.0113137973138,0.0543108780507047,6
67,3,1.93442490842491,0.121098591527052,6
68,3,1.94133577533578,0.0461391431510236,6
69,3,1.89900366300366,0.0781792111193365,6
70,3,1.99396336996337,0.138907367596292,6
71,3,1.98839072039072,0.155415796201296,6
72,3,2.09950671550672,0.0862188901676482,6
1,3,0,0,7
2,3,0.90964590964591,0.0165173983619886,7
3,3,0.95970695970696,0.0222811814296639,7
4,3,0.901098901098901,0.0193827934876527,7
5,3,0.8998778998779,0.0555924416988143,7
6,3,0.90964590964591,0.0664745181382964,7
7,3,0.948717948717949,0.0735342853475631,7
8,3,0.892551892551893,0.0641112849466427,7
9,3,0.956043956043956,0.029982977186346,7
10,3,0.913308913308913,0.037054922846138,7
11,3,0.94017094017094,0.0076251501811946,7
12,3,0.913308913308913,0.0375941497395376,7
13,3,0.914529914529914,0.0533760512683624,7
14,3,0.89010989010989,0.0528285901166885,7
15,3,0.866910866910867,0.0307197695370186,7
16,3,0.912087912087912,0.0396214425875163,7
17,3,0.918192918192918,0.0351978884136742,7
18,3,0.897435897435897,0.0698856557814613,7
19,3,0.886446886446887,0.0495521950859659,7
20,3,0.90964590964591,0.0284522104950697,7
21,3,0.927960927960928,0.0201742510889601,7
22,3,0.887667887667888,0.0366910359006514,7
23,3,0.874236874236874,0.0491898341354913,7
24,3,0.892551892551893,0.0361383359876648,7
25,3,0.935286935286935,0.00211483615087774,7
26,3,0.894993894993895,0.0201742510889601,7
27,3,0.99023199023199,0.0748305418610235,7
28,3,1.87423687423687,0.0332372590691482,7
29,3,3.88644688644689,0.102105200474479,7
30,3,0.929181929181929,0.0220795376312883,7
31,3,0.852258852258852,0.0243894802874703,7
32,3,0.888888888888889,0.0346213598992865,7
33,3,0.996336996336996,0.0568651087775093,7
34,3,3.70695970695971,0.0662386128938649,7
35,3,1.87301587301587,0.0750990198519257,7
36,3,1.88644688644689,0.0902467765183511,7
37,3,0.914529914529914,0.0165173983619886,7
38,3,0.891330891330891,0.00422967230175555,7
39,3,0.885225885225885,0.0311534818612285,7
40,3,0.938949938949939,0.0656621717203846,7
41,3,0.885225885225885,0.00211483615087774,7
42,3,0.913308913308913,0.0296077061122885,7
43,3,0.875457875457876,0.0319333255937046,7
44,3,0.902319902319902,0.0359522145649218,7
45,3,0.864468864468865,0.029074190231479,7
46,3,0.885225885225885,0.0187970748697688,7
47,3,0.921855921855922,0.0411714659342793,7
48,3,0.857142857142857,0.0634450845263325,7
49,3,0.90964590964591,0.0259875417018227,7
50,3,0.887667887667888,0.0752774732200164,7
51,3,0.903540903540904,0.0187970748697688,7
52,3,1.002442002442,0.0381257509059731,7
53,3,3.89133089133089,0.177960666168021,7
54,3,0.936507936507937,0.0201742510889601,7
55,3,0.904761904761905,0.0783060744557947,7
56,3,0.892551892551893,0.0429264855463906,7
57,3,1.001221001221,0.0819345497914903,7
58,3,3.65689865689866,0.0967291932617257,7
59,3,0.934065934065934,0.0467661001274861,7
60,3,0.874236874236874,0.0733820718013027,7
61,3,0.879120879120879,0.0240199213344396,7
62,3,0.873015873015873,0.055953305188716,7
63,3,0.90964590964591,0.0991269523555301,7
64,3,0.842490842490843,0.0353247280622453,7
65,3,0.885225885225885,0.0259875417018227,7
66,3,0.956043956043956,0.0902467765183511,7
67,3,1.91697191697192,0.157736156953203,7
68,3,1.8962148962149,0.0953319721413584,7
69,3,1.89010989010989,0.122368447534726,7
70,3,1.97802197802198,0.157509157509157,7
71,3,1.997557997558,0.25118520686727,7
72,3,2.07570207570208,0.196042003162321,7
1,3,0,0,8
2,3,0.974822954822955,0.0956275590743598,8
3,3,0.964798534798535,0.0449334703598242,8
4,3,0.935811965811966,0.0379559360194768,8
5,3,0.95980463980464,0.0583209696253311,8
6,3,0.945921855921856,0.0388535807496975,8
7,3,0.920586080586081,0.0413632757557988,8
8,3,0.960927960927961,0.090442648743504,8
9,3,0.978241758241758,0.0538164429257134,8
10,3,0.95014652014652,0.0564470290685231,8
11,3,0.898925518925519,0.0125811956332143,8
12,3,0.966691086691087,0.0871611804995915,8
13,3,0.934029304029304,0.0207488061027323,8
14,3,0.951794871794872,0.0467426825235112,8
15,3,0.901819291819292,0.0446165624951027,8
16,3,0.944017094017094,0.00644775357693753,8
17,3,0.957912087912088,0.0300612112407141,8
18,3,0.968363858363858,0.0686986774970083,8
19,3,0.89981684981685,0.0410735428092592,8
20,3,0.903919413919414,0.0352168228344676,8
21,3,0.958046398046398,0.101503215088155,8
22,3,0.918815628815629,0.037560639130618,8
23,3,0.953687423687424,0.0345511610997832,8
24,3,0.890488400488401,0.0583083262000935,8
25,3,0.928131868131868,0.0216582041877495,8
26,3,0.958913308913309,0.0279127689083985,8
27,3,0.964676434676435,0.0419915136846599,8
28,3,1.96271062271062,0.0829857420948261,8
29,3,4.03263736263736,0.325209034138186,8
30,3,0.921257631257631,0.0252190907924561,8
31,3,0.941257631257631,0.0540009279595807,8
32,3,0.903247863247863,0.0289713333266312,8
33,3,1.06766788766789,0.0618642316258408,8
34,3,3.71010989010989,0.112092047853983,8
35,3,1.91860805860806,0.0660036669677326,8
36,3,1.94125763125763,0.0562187216587168,8
37,3,0.933687423687424,0.038492789211166,8
38,3,0.894261294261294,0.041216480085839,8
39,3,0.91980463980464,0.0233357867075923,8
40,3,0.955140415140415,0.050012494693081,8
41,3,0.92982905982906,0.0778070293448624,8
42,3,0.905250305250305,0.0161392345990114,8
43,3,0.895152625152625,0.0206645465777801,8
44,3,0.907264957264957,0.0396054948516159,8
45,3,0.924139194139194,0.0260340625093251,8
46,3,0.908595848595849,0.0304853759520949,8
47,3,0.964676434676435,0.00547301454370866,8
48,3,0.893064713064713,0.0761799912950949,8
49,3,0.916788766788767,0.0558422755950585,8
50,3,0.921489621489621,0.0595788230793985,8
51,3,0.917020757020757,0.0244826334155413,8
52,3,1.0735409035409,0.0461074005115918,8
53,3,4.00302808302808,0.225356396444548,8
54,3,0.95002442002442,0.0202337218132129,8
55,3,0.932918192918193,0.0269337232777289,8
56,3,0.916031746031746,0.0237634474799009,8
57,3,1.063663003663,0.0498087555372033,8
58,3,3.77821733821734,0.263708195325009,8
59,3,0.948021978021978,0.0338947805709825,8
60,3,0.940598290598291,0.0708510922549782,8
61,3,0.917582417582418,0.00158612711315831,8
62,3,0.888717948717949,0.0519925145069944,8
63,3,0.892930402930403,0.0474759614142638,8
64,3,0.912026862026862,0.0163072518417347,8
65,3,0.941819291819292,0.0729923159388709,8
66,3,0.976813186813187,0.0742150848027166,8
67,3,1.93500610500611,0.049365635048879,8
68,3,1.9917094017094,0.126177382975627,8
69,3,1.9402442002442,0.033760025782547,8
70,3,1.99347985347985,0.0966120393029861,8
71,3,1.96980463980464,0.0603368016821652,8
72,3,2.15218559218559,0.112780577426848,8
