RowNr,N,Mean,SD,Instance
1,1,0.223443223443223,,1
2,1,0.212454212454212,,1
3,1,0.142857142857143,,1
4,1,0.142857142857143,,1
5,1,0.241758241758242,,1
6,1,0.252747252747253,,1
7,1,0.175824175824176,,1
8,1,0.216117216117216,,1
9,1,0.205128205128205,,1
10,1,0.230769230769231,,1
11,1,0.172161172161172,,1
12,1,0.197802197802198,,1
13,1,0.168498168498169,,1
14,1,0.201465201465201,,1
15,1,0.139194139194139,,1
16,1,0.153846153846154,,1
17,1,0.164835164835165,,1
18,1,0.157509157509158,,1
19,1,0.164835164835165,,1
20,1,0.135531135531136,,1
21,1,0.161172161172161,,1
22,1,0.164835164835165,,1
23,1,0.172161172161172,,1
24,1,0.146520146520147,,1
25,1,0.351648351648352,,1
26,1,0.146520146520147,,1
27,1,0.26007326007326,,1
28,1,0.454212454212454,,1
29,1,0.183150183150183,,1
30,1,0.183150183150183,,1
31,1,0.216117216117216,,1
32,1,0.186813186813187,,1
33,1,1.54212454212454,,1
34,1,0.58974358974359,,1
35,1,0.538461538461538,,1
36,1,0.252747252747253,,1
37,1,0.201465201465201,,1
38,1,0.307692307692308,,1
39,1,0.307692307692308,,1
40,1,0.15018315018315,,1
41,1,0.157509157509158,,1
42,1,0.168498168498169,,1
43,1,0.164835164835165,,1
44,1,0.201465201465201,,1
45,1,0.271062271062271,,1
46,1,0.216117216117216,,1
47,1,0.186813186813187,,1
48,1,0.278388278388278,,1
49,1,0.153846153846154,,1
50,1,0.124542124542125,,1
51,1,0.183150183150183,,1
52,1,1.61904761904762,,1
53,1,0.366300366300366,,1
54,1,0.230769230769231,,1
55,1,0.186813186813187,,1
56,1,0.194139194139194,,1
57,1,1.85714285714286,,1
58,1,0.311355311355311,,1
59,1,0.238095238095238,,1
60,1,0.205128205128205,,1
61,1,0.315018315018315,,1
62,1,0.227106227106227,,1
63,1,0.285714285714286,,1
64,1,0.271062271062271,,1
65,1,0.326007326007326,,1
66,1,1.06593406593407,,1
67,1,0.567765567765568,,1
68,1,0.582417582417583,,1
69,1,0.648351648351648,,1
70,1,1.19413919413919,,1
71,1,0.413919413919414,,1
72,1,0.908424908424908,,1
1,1,0.223443223443223,,2
2,1,0.212454212454212,,2
3,1,0.142857142857143,,2
4,1,0.142857142857143,,2
5,1,0.241758241758242,,2
6,1,0.252747252747253,,2
7,1,0.175824175824176,,2
8,1,0.216117216117216,,2
9,1,0.205128205128205,,2
10,1,0.230769230769231,,2
11,1,0.172161172161172,,2
12,1,0.197802197802198,,2
13,1,0.168498168498169,,2
14,1,0.201465201465201,,2
15,1,0.139194139194139,,2
16,1,0.153846153846154,,2
17,1,0.164835164835165,,2
18,1,0.157509157509158,,2
19,1,0.164835164835165,,2
20,1,0.135531135531136,,2
21,1,0.161172161172161,,2
22,1,0.164835164835165,,2
23,1,0.172161172161172,,2
24,1,0.146520146520147,,2
25,1,0.351648351648352,,2
26,1,0.146520146520147,,2
27,1,0.26007326007326,,2
28,1,0.454212454212454,,2
29,1,0.183150183150183,,2
30,1,0.183150183150183,,2
31,1,0.216117216117216,,2
32,1,0.186813186813187,,2
33,1,1.54212454212454,,2
34,1,0.58974358974359,,2
35,1,0.538461538461538,,2
36,1,0.252747252747253,,2
37,1,0.201465201465201,,2
38,1,0.307692307692308,,2
39,1,0.307692307692308,,2
40,1,0.15018315018315,,2
41,1,0.157509157509158,,2
42,1,0.168498168498169,,2
43,1,0.164835164835165,,2
44,1,0.201465201465201,,2
45,1,0.271062271062271,,2
46,1,0.216117216117216,,2
47,1,0.186813186813187,,2
48,1,0.278388278388278,,2
49,1,0.153846153846154,,2
50,1,0.124542124542125,,2
51,1,0.183150183150183,,2
52,1,1.61904761904762,,2
53,1,0.366300366300366,,2
54,1,0.230769230769231,,2
55,1,0.186813186813187,,2
56,1,0.194139194139194,,2
57,1,1.85714285714286,,2
58,1,0.311355311355311,,2
59,1,0.238095238095238,,2
60,1,0.205128205128205,,2
61,1,0.315018315018315,,2
62,1,0.227106227106227,,2
63,1,0.285714285714286,,2
64,1,0.271062271062271,,2
65,1,0.326007326007326,,2
66,1,1.06593406593407,,2
67,1,0.567765567765568,,2
68,1,0.582417582417583,,2
69,1,0.648351648351648,,2
70,1,1.19413919413919,,2
71,1,0.413919413919414,,2
72,1,0.908424908424908,,2
1,1,0.223443223443223,,3
2,1,0.212454212454212,,3
3,1,0.142857142857143,,3
4,1,0.142857142857143,,3
5,1,0.241758241758242,,3
6,1,0.252747252747253,,3
7,1,0.175824175824176,,3
8,1,0.216117216117216,,3
9,1,0.205128205128205,,3
10,1,0.230769230769231,,3
11,1,0.172161172161172,,3
12,1,0.197802197802198,,3
13,1,0.168498168498169,,3
14,1,0.201465201465201,,3
15,1,0.139194139194139,,3
16,1,0.153846153846154,,3
17,1,0.164835164835165,,3
18,1,0.157509157509158,,3
19,1,0.164835164835165,,3
20,1,0.135531135531136,,3
21,1,0.161172161172161,,3
22,1,0.164835164835165,,3
23,1,0.172161172161172,,3
24,1,0.146520146520147,,3
25,1,0.351648351648352,,3
26,1,0.146520146520147,,3
27,1,0.26007326007326,,3
28,1,0.454212454212454,,3
29,1,0.183150183150183,,3
30,1,0.183150183150183,,3
31,1,0.216117216117216,,3
32,1,0.186813186813187,,3
33,1,1.54212454212454,,3
34,1,0.58974358974359,,3
35,1,0.538461538461538,,3
36,1,0.252747252747253,,3
37,1,0.201465201465201,,3
38,1,0.307692307692308,,3
39,1,0.307692307692308,,3
40,1,0.15018315018315,,3
41,1,0.157509157509158,,3
42,1,0.168498168498169,,3
43,1,0.164835164835165,,3
44,1,0.201465201465201,,3
45,1,0.271062271062271,,3
46,1,0.216117216117216,,3
47,1,0.186813186813187,,3
48,1,0.278388278388278,,3
49,1,0.153846153846154,,3
50,1,0.124542124542125,,3
51,1,0.183150183150183,,3
52,1,1.61904761904762,,3
53,1,0.366300366300366,,3
54,1,0.230769230769231,,3
55,1,0.186813186813187,,3
56,1,0.194139194139194,,3
57,1,1.85714285714286,,3
58,1,0.311355311355311,,3
59,1,0.238095238095238,,3
60,1,0.205128205128205,,3
61,1,0.315018315018315,,3
62,1,0.227106227106227,,3
63,1,0.285714285714286,,3
64,1,0.271062271062271,,3
65,1,0.326007326007326,,3
66,1,1.06593406593407,,3
67,1,0.567765567765568,,3
68,1,0.582417582417583,,3
69,1,0.648351648351648,,3
70,1,1.19413919413919,,3
71,1,0.413919413919414,,3
72,1,0.908424908424908,,3
1,1,0.223443223443223,,4
2,1,0.212454212454212,,4
3,1,0.142857142857143,,4
4,1,0.142857142857143,,4
5,1,0.241758241758242,,4
6,1,0.252747252747253,,4
7,1,0.175824175824176,,4
8,1,0.216117216117216,,4
9,1,0.205128205128205,,4
10,1,0.230769230769231,,4
11,1,0.172161172161172,,4
12,1,0.197802197802198,,4
13,1,0.168498168498169,,4
14,1,0.201465201465201,,4
15,1,0.139194139194139,,4
16,1,0.153846153846154,,4
17,1,0.164835164835165,,4
18,1,0.157509157509158,,4
19,1,0.164835164835165,,4
20,1,0.135531135531136,,4
21,1,0.161172161172161,,4
22,1,0.164835164835165,,4
23,1,0.172161172161172,,4
24,1,0.146520146520147,,4
25,1,0.351648351648352,,4
26,1,0.146520146520147,,4
27,1,0.26007326007326,,4
28,1,0.454212454212454,,4
29,1,0.183150183150183,,4
30,1,0.183150183150183,,4
31,1,0.216117216117216,,4
32,1,0.186813186813187,,4
33,1,1.54212454212454,,4
34,1,0.58974358974359,,4
35,1,0.538461538461538,,4
36,1,0.252747252747253,,4
37,1,0.201465201465201,,4
38,1,0.307692307692308,,4
39,1,0.307692307692308,,4
40,1,0.15018315018315,,4
41,1,0.157509157509158,,4
42,1,0.168498168498169,,4
43,1,0.164835164835165,,4
44,1,0.201465201465201,,4
45,1,0.271062271062271,,4
46,1,0.216117216117216,,4
47,1,0.186813186813187,,4
48,1,0.278388278388278,,4
49,1,0.153846153846154,,4
50,1,0.124542124542125,,4
51,1,0.183150183150183,,4
52,1,1.61904761904762,,4
53,1,0.366300366300366,,4
54,1,0.230769230769231,,4
55,1,0.186813186813187,,4
56,1,0.194139194139194,,4
57,1,1.85714285714286,,4
58,1,0.311355311355311,,4
59,1,0.238095238095238,,4
60,1,0.205128205128205,,4
61,1,0.315018315018315,,4
62,1,0.227106227106227,,4
63,1,0.285714285714286,,4
64,1,0.271062271062271,,4
65,1,0.326007326007326,,4
66,1,1.06593406593407,,4
67,1,0.567765567765568,,4
68,1,0.582417582417583,,4
69,1,0.648351648351648,,4
70,1,1.19413919413919,,4
71,1,0.413919413919414,,4
72,1,0.908424908424908,,4
1,1,0.472,,5
2,1,0.228,,5
3,1,0.408,,5
4,1,0.232,,5
5,1,0.572,,5
6,1,0.284,,5
7,1,0.244,,5
8,1,0.284,,5
9,1,0.432,,5
10,1,0.416,,5
11,1,0.424,,5
12,1,0.216,,5
13,1,0.62,,5
14,1,0.312,,5
15,1,0.296,,5
16,1,0.42,,5
17,1,0.744,,5
18,1,0.168,,5
19,1,0.16,,5
20,1,0.236,,5
21,1,0.452,,5
22,1,0.192,,5
23,1,0.456,,5
24,1,0.26,,5
25,1,1.032,,5
26,1,0.204,,5
27,1,0.444,,5
28,1,0.44,,5
29,1,0.312,,5
30,1,0.248,,5
31,1,0.212,,5
32,1,0.328,,5
33,1,0.544,,5
34,1,0.768,,5
35,1,0.736,,5
36,1,0.336,,5
37,1,0.24,,5
38,1,0.288,,5
39,1,0.252,,5
40,1,0.668,,5
41,1,0.208,,5
42,1,0.228,,5
43,1,0.176,,5
44,1,0.484,,5
45,1,0.18,,5
46,1,0.232,,5
47,1,0.204,,5
48,1,0.24,,5
49,1,0.34,,5
50,1,0.172,,5
51,1,0.296,,5
52,1,0.66,,5
53,1,0.26,,5
54,1,0.356,,5
55,1,0.188,,5
56,1,0.312,,5
57,1,0.64,,5
58,1,0.212,,5
59,1,0.28,,5
60,1,0.204,,5
61,1,0.24,,5
62,1,0.14,,5
63,1,0.192,,5
64,1,0.312,,5
65,1,0.276,,5
66,1,0.82,,5
67,1,0.852,,5
68,1,0.816,,5
69,1,0.852,,5
70,1,0.972,,5
71,1,0.656,,5
72,1,0.776,,5
1,1,0.472,,6
2,1,0.228,,6
3,1,0.408,,6
4,1,0.232,,6
5,1,0.572,,6
6,1,0.284,,6
7,1,0.244,,6
8,1,0.284,,6
9,1,0.432,,6
10,1,0.416,,6
11,1,0.424,,6
12,1,0.216,,6
13,1,0.62,,6
14,1,0.312,,6
15,1,0.296,,6
16,1,0.42,,6
17,1,0.744,,6
18,1,0.168,,6
19,1,0.16,,6
20,1,0.236,,6
21,1,0.452,,6
22,1,0.192,,6
23,1,0.456,,6
24,1,0.26,,6
25,1,1.032,,6
26,1,0.204,,6
27,1,0.444,,6
28,1,0.44,,6
29,1,0.312,,6
30,1,0.248,,6
31,1,0.212,,6
32,1,0.328,,6
33,1,0.544,,6
34,1,0.768,,6
35,1,0.736,,6
36,1,0.336,,6
37,1,0.24,,6
38,1,0.288,,6
39,1,0.252,,6
40,1,0.668,,6
41,1,0.208,,6
42,1,0.228,,6
43,1,0.176,,6
44,1,0.484,,6
45,1,0.18,,6
46,1,0.232,,6
47,1,0.204,,6
48,1,0.24,,6
49,1,0.34,,6
50,1,0.172,,6
51,1,0.296,,6
52,1,0.66,,6
53,1,0.26,,6
54,1,0.356,,6
55,1,0.188,,6
56,1,0.312,,6
57,1,0.64,,6
58,1,0.212,,6
59,1,0.28,,6
60,1,0.204,,6
61,1,0.24,,6
62,1,0.14,,6
63,1,0.192,,6
64,1,0.312,,6
65,1,0.276,,6
66,1,0.82,,6
67,1,0.852,,6
68,1,0.816,,6
69,1,0.852,,6
70,1,0.972,,6
71,1,0.656,,6
72,1,0.776,,6
1,1,0.472,,7
2,1,0.228,,7
3,1,0.408,,7
4,1,0.232,,7
5,1,0.572,,7
6,1,0.284,,7
7,1,0.244,,7
8,1,0.284,,7
9,1,0.432,,7
10,1,0.416,,7
11,1,0.424,,7
12,1,0.216,,7
13,1,0.62,,7
14,1,0.312,,7
15,1,0.296,,7
16,1,0.42,,7
17,1,0.744,,7
18,1,0.168,,7
19,1,0.16,,7
20,1,0.236,,7
21,1,0.452,,7
22,1,0.192,,7
23,1,0.456,,7
24,1,0.26,,7
25,1,1.032,,7
26,1,0.204,,7
27,1,0.444,,7
28,1,0.44,,7
29,1,0.312,,7
30,1,0.248,,7
31,1,0.212,,7
32,1,0.328,,7
33,1,0.544,,7
34,1,0.768,,7
35,1,0.736,,7
36,1,0.336,,7
37,1,0.24,,7
38,1,0.288,,7
39,1,0.252,,7
40,1,0.668,,7
41,1,0.208,,7
42,1,0.228,,7
43,1,0.176,,7
44,1,0.484,,7
45,1,0.18,,7
46,1,0.232,,7
47,1,0.204,,7
48,1,0.24,,7
49,1,0.34,,7
50,1,0.172,,7
51,1,0.296,,7
52,1,0.66,,7
53,1,0.26,,7
54,1,0.356,,7
55,1,0.188,,7
56,1,0.312,,7
57,1,0.64,,7
58,1,0.212,,7
59,1,0.28,,7
60,1,0.204,,7
61,1,0.24,,7
62,1,0.14,,7
63,1,0.192,,7
64,1,0.312,,7
65,1,0.276,,7
66,1,0.82,,7
67,1,0.852,,7
68,1,0.816,,7
69,1,0.852,,7
70,1,0.972,,7
71,1,0.656,,7
72,1,0.776,,7
1,1,0.38,,8
2,1,0.26,,8
3,1,0.388,,8
4,1,0.228,,8
5,1,0.46,,8
6,1,0.288,,8
7,1,0.296,,8
8,1,0.292,,8
9,1,0.452,,8
10,1,0.34,,8
11,1,0.4,,8
12,1,0.188,,8
13,1,0.596,,8
14,1,0.316,,8
15,1,0.176,,8
16,1,0.36,,8
17,1,0.66,,8
18,1,0.196,,8
19,1,0.188,,8
20,1,0.184,,8
21,1,0.32,,8
22,1,0.192,,8
23,1,0.428,,8
24,1,0.196,,8
25,1,0.636,,8
26,1,0.252,,8
27,1,0.372,,8
28,1,0.432,,8
29,1,0.332,,8
30,1,0.236,,8
31,1,0.228,,8
32,1,0.264,,8
33,1,0.476,,8
34,1,0.708,,8
35,1,0.808,,8
36,1,0.348,,8
37,1,0.244,,8
38,1,0.192,,8
39,1,0.312,,8
40,1,0.424,,8
41,1,0.292,,8
42,1,0.212,,8
43,1,0.156,,8
44,1,0.46,,8
45,1,0.168,,8
46,1,0.164,,8
47,1,0.16,,8
48,1,0.204,,8
49,1,0.304,,8
50,1,0.164,,8
51,1,0.22,,8
52,1,0.54,,8
53,1,0.24,,8
54,1,0.348,,8
55,1,0.164,,8
56,1,0.156,,8
57,1,0.532,,8
58,1,0.168,,8
59,1,0.168,,8
60,1,0.18,,8
61,1,0.176,,8
62,1,0.14,,8
63,1,0.128,,8
64,1,0.2,,8
65,1,0.136,,8
66,1,0.872,,8
67,1,0.88,,8
68,1,0.808,,8
69,1,0.696,,8
70,1,0.936,,8
71,1,0.656,,8
72,1,0.764,,8
1,1,0.241758241758242,,9
2,1,0.234432234432234,,9
3,1,0.164835164835165,,9
4,1,0.142857142857143,,9
5,1,0.153846153846154,,9
6,1,0.19047619047619,,9
7,1,0.227106227106227,,9
8,1,0.245421245421245,,9
9,1,0.252747252747253,,9
10,1,0.326007326007326,,9
11,1,0.322344322344322,,9
12,1,0.267399267399267,,9
13,1,0.421245421245421,,9
14,1,0.307692307692308,,9
15,1,0.21978021978022,,9
16,1,0.311355311355311,,9
17,1,0.227106227106227,,9
18,1,0.168498168498169,,9
19,1,0.194139194139194,,9
20,1,0.208791208791209,,9
21,1,0.256410256410256,,9
22,1,0.194139194139194,,9
23,1,0.282051282051282,,9
24,1,0.17948717948718,,9
25,1,0.36996336996337,,9
26,1,0.285714285714286,,9
27,1,0.366300366300366,,9
28,1,0.63003663003663,,9
29,1,0.32967032967033,,9
30,1,0.267399267399267,,9
31,1,0.186813186813187,,9
32,1,0.26007326007326,,9
33,1,1.48717948717949,,9
34,1,0.633699633699634,,9
35,1,0.54945054945055,,9
36,1,0.322344322344322,,9
37,1,0.183150183150183,,9
38,1,0.186813186813187,,9
39,1,0.274725274725275,,9
40,1,0.241758241758242,,9
41,1,0.175824175824176,,9
42,1,0.197802197802198,,9
43,1,0.267399267399267,,9
44,1,0.249084249084249,,9
45,1,0.296703296703297,,9
46,1,0.263736263736264,,9
47,1,0.223443223443223,,9
48,1,0.183150183150183,,9
49,1,0.19047619047619,,9
50,1,0.194139194139194,,9
51,1,0.186813186813187,,9
52,1,1.48351648351648,,9
53,1,0.311355311355311,,9
54,1,0.315018315018315,,9
55,1,0.194139194139194,,9
56,1,0.223443223443223,,9
57,1,1.94139194139194,,9
58,1,0.333333333333333,,9
59,1,0.289377289377289,,9
60,1,0.212454212454212,,9
61,1,0.344322344322344,,9
62,1,0.252747252747253,,9
63,1,0.340659340659341,,9
64,1,0.318681318681319,,9
65,1,0.293040293040293,,9
66,1,1.19047619047619,,9
67,1,0.84981684981685,,9
68,1,0.904761904761905,,9
69,1,1.17582417582418,,9
70,1,1.1978021978022,,9
71,1,0.483516483516484,,9
72,1,1.28571428571429,,9
1,1,0.38,,10
2,1,0.26,,10
3,1,0.388,,10
4,1,0.228,,10
5,1,0.46,,10
6,1,0.288,,10
7,1,0.296,,10
8,1,0.292,,10
9,1,0.452,,10
10,1,0.34,,10
11,1,0.4,,10
12,1,0.188,,10
13,1,0.596,,10
14,1,0.316,,10
15,1,0.176,,10
16,1,0.36,,10
17,1,0.66,,10
18,1,0.196,,10
19,1,0.188,,10
20,1,0.184,,10
21,1,0.32,,10
22,1,0.192,,10
23,1,0.428,,10
24,1,0.196,,10
25,1,0.636,,10
26,1,0.252,,10
27,1,0.372,,10
28,1,0.432,,10
29,1,0.332,,10
30,1,0.236,,10
31,1,0.228,,10
32,1,0.264,,10
33,1,0.476,,10
34,1,0.708,,10
35,1,0.808,,10
36,1,0.348,,10
37,1,0.244,,10
38,1,0.192,,10
39,1,0.312,,10
40,1,0.424,,10
41,1,0.292,,10
42,1,0.212,,10
43,1,0.156,,10
44,1,0.46,,10
45,1,0.168,,10
46,1,0.164,,10
47,1,0.16,,10
48,1,0.204,,10
49,1,0.304,,10
50,1,0.164,,10
51,1,0.22,,10
52,1,0.54,,10
53,1,0.24,,10
54,1,0.348,,10
55,1,0.164,,10
56,1,0.156,,10
57,1,0.532,,10
58,1,0.168,,10
59,1,0.168,,10
60,1,0.18,,10
61,1,0.176,,10
62,1,0.14,,10
63,1,0.128,,10
64,1,0.2,,10
65,1,0.136,,10
66,1,0.872,,10
67,1,0.88,,10
68,1,0.808,,10
69,1,0.696,,10
70,1,0.936,,10
71,1,0.656,,10
72,1,0.764,,10
1,1,0.241758241758242,,11
2,1,0.234432234432234,,11
3,1,0.164835164835165,,11
4,1,0.142857142857143,,11
5,1,0.153846153846154,,11
6,1,0.19047619047619,,11
7,1,0.227106227106227,,11
8,1,0.245421245421245,,11
9,1,0.252747252747253,,11
10,1,0.326007326007326,,11
11,1,0.322344322344322,,11
12,1,0.267399267399267,,11
13,1,0.421245421245421,,11
14,1,0.307692307692308,,11
15,1,0.21978021978022,,11
16,1,0.311355311355311,,11
17,1,0.227106227106227,,11
18,1,0.168498168498169,,11
19,1,0.194139194139194,,11
20,1,0.208791208791209,,11
21,1,0.256410256410256,,11
22,1,0.194139194139194,,11
23,1,0.282051282051282,,11
24,1,0.17948717948718,,11
25,1,0.36996336996337,,11
26,1,0.285714285714286,,11
27,1,0.366300366300366,,11
28,1,0.63003663003663,,11
29,1,0.32967032967033,,11
30,1,0.267399267399267,,11
31,1,0.186813186813187,,11
32,1,0.26007326007326,,11
33,1,1.48717948717949,,11
34,1,0.633699633699634,,11
35,1,0.54945054945055,,11
36,1,0.322344322344322,,11
37,1,0.183150183150183,,11
38,1,0.186813186813187,,11
39,1,0.274725274725275,,11
40,1,0.241758241758242,,11
41,1,0.175824175824176,,11
42,1,0.197802197802198,,11
43,1,0.267399267399267,,11
44,1,0.249084249084249,,11
45,1,0.296703296703297,,11
46,1,0.263736263736264,,11
47,1,0.223443223443223,,11
48,1,0.183150183150183,,11
49,1,0.19047619047619,,11
50,1,0.194139194139194,,11
51,1,0.186813186813187,,11
52,1,1.48351648351648,,11
53,1,0.311355311355311,,11
54,1,0.315018315018315,,11
55,1,0.194139194139194,,11
56,1,0.223443223443223,,11
57,1,1.94139194139194,,11
58,1,0.333333333333333,,11
59,1,0.289377289377289,,11
60,1,0.212454212454212,,11
61,1,0.344322344322344,,11
62,1,0.252747252747253,,11
63,1,0.340659340659341,,11
64,1,0.318681318681319,,11
65,1,0.293040293040293,,11
66,1,1.19047619047619,,11
67,1,0.84981684981685,,11
68,1,0.904761904761905,,11
69,1,1.17582417582418,,11
70,1,1.1978021978022,,11
71,1,0.483516483516484,,11
72,1,1.28571428571429,,11
1,1,0.241758241758242,,12
2,1,0.234432234432234,,12
3,1,0.164835164835165,,12
4,1,0.142857142857143,,12
5,1,0.153846153846154,,12
6,1,0.19047619047619,,12
7,1,0.227106227106227,,12
8,1,0.245421245421245,,12
9,1,0.252747252747253,,12
10,1,0.326007326007326,,12
11,1,0.322344322344322,,12
12,1,0.267399267399267,,12
13,1,0.421245421245421,,12
14,1,0.307692307692308,,12
15,1,0.21978021978022,,12
16,1,0.311355311355311,,12
17,1,0.227106227106227,,12
18,1,0.168498168498169,,12
19,1,0.194139194139194,,12
20,1,0.208791208791209,,12
21,1,0.256410256410256,,12
22,1,0.194139194139194,,12
23,1,0.282051282051282,,12
24,1,0.17948717948718,,12
25,1,0.36996336996337,,12
26,1,0.285714285714286,,12
27,1,0.366300366300366,,12
28,1,0.63003663003663,,12
29,1,0.32967032967033,,12
30,1,0.267399267399267,,12
31,1,0.186813186813187,,12
32,1,0.26007326007326,,12
33,1,1.48717948717949,,12
34,1,0.633699633699634,,12
35,1,0.54945054945055,,12
36,1,0.322344322344322,,12
37,1,0.183150183150183,,12
38,1,0.186813186813187,,12
39,1,0.274725274725275,,12
40,1,0.241758241758242,,12
41,1,0.175824175824176,,12
42,1,0.197802197802198,,12
43,1,0.267399267399267,,12
44,1,0.249084249084249,,12
45,1,0.296703296703297,,12
46,1,0.263736263736264,,12
47,1,0.223443223443223,,12
48,1,0.183150183150183,,12
49,1,0.19047619047619,,12
50,1,0.194139194139194,,12
51,1,0.186813186813187,,12
52,1,1.48351648351648,,12
53,1,0.311355311355311,,12
54,1,0.315018315018315,,12
55,1,0.194139194139194,,12
56,1,0.223443223443223,,12
57,1,1.94139194139194,,12
58,1,0.333333333333333,,12
59,1,0.289377289377289,,12
60,1,0.212454212454212,,12
61,1,0.344322344322344,,12
62,1,0.252747252747253,,12
63,1,0.340659340659341,,12
64,1,0.318681318681319,,12
65,1,0.293040293040293,,12
66,1,1.19047619047619,,12
67,1,0.84981684981685,,12
68,1,0.904761904761905,,12
69,1,1.17582417582418,,12
70,1,1.1978021978022,,12
71,1,0.483516483516484,,12
72,1,1.28571428571429,,12
1,1,0.472,,13
2,1,0.228,,13
3,1,0.408,,13
4,1,0.232,,13
5,1,0.572,,13
6,1,0.284,,13
7,1,0.244,,13
8,1,0.284,,13
9,1,0.432,,13
10,1,0.416,,13
11,1,0.424,,13
12,1,0.216,,13
13,1,0.62,,13
14,1,0.312,,13
15,1,0.296,,13
16,1,0.42,,13
17,1,0.744,,13
18,1,0.168,,13
19,1,0.16,,13
20,1,0.236,,13
21,1,0.452,,13
22,1,0.192,,13
23,1,0.456,,13
24,1,0.26,,13
25,1,1.032,,13
26,1,0.204,,13
27,1,0.444,,13
28,1,0.44,,13
29,1,0.312,,13
30,1,0.248,,13
31,1,0.212,,13
32,1,0.328,,13
33,1,0.544,,13
34,1,0.768,,13
35,1,0.736,,13
36,1,0.336,,13
37,1,0.24,,13
38,1,0.288,,13
39,1,0.252,,13
40,1,0.668,,13
41,1,0.208,,13
42,1,0.228,,13
43,1,0.176,,13
44,1,0.484,,13
45,1,0.18,,13
46,1,0.232,,13
47,1,0.204,,13
48,1,0.24,,13
49,1,0.34,,13
50,1,0.172,,13
51,1,0.296,,13
52,1,0.66,,13
53,1,0.26,,13
54,1,0.356,,13
55,1,0.188,,13
56,1,0.312,,13
57,1,0.64,,13
58,1,0.212,,13
59,1,0.28,,13
60,1,0.204,,13
61,1,0.24,,13
62,1,0.14,,13
63,1,0.192,,13
64,1,0.312,,13
65,1,0.276,,13
66,1,0.82,,13
67,1,0.852,,13
68,1,0.816,,13
69,1,0.852,,13
70,1,0.972,,13
71,1,0.656,,13
72,1,0.776,,13
1,1,0.38,,14
2,1,0.26,,14
3,1,0.388,,14
4,1,0.228,,14
5,1,0.46,,14
6,1,0.288,,14
7,1,0.296,,14
8,1,0.292,,14
9,1,0.452,,14
10,1,0.34,,14
11,1,0.4,,14
12,1,0.188,,14
13,1,0.596,,14
14,1,0.316,,14
15,1,0.176,,14
16,1,0.36,,14
17,1,0.66,,14
18,1,0.196,,14
19,1,0.188,,14
20,1,0.184,,14
21,1,0.32,,14
22,1,0.192,,14
23,1,0.428,,14
24,1,0.196,,14
25,1,0.636,,14
26,1,0.252,,14
27,1,0.372,,14
28,1,0.432,,14
29,1,0.332,,14
30,1,0.236,,14
31,1,0.228,,14
32,1,0.264,,14
33,1,0.476,,14
34,1,0.708,,14
35,1,0.808,,14
36,1,0.348,,14
37,1,0.244,,14
38,1,0.192,,14
39,1,0.312,,14
40,1,0.424,,14
41,1,0.292,,14
42,1,0.212,,14
43,1,0.156,,14
44,1,0.46,,14
45,1,0.168,,14
46,1,0.164,,14
47,1,0.16,,14
48,1,0.204,,14
49,1,0.304,,14
50,1,0.164,,14
51,1,0.22,,14
52,1,0.54,,14
53,1,0.24,,14
54,1,0.348,,14
55,1,0.164,,14
56,1,0.156,,14
57,1,0.532,,14
58,1,0.168,,14
59,1,0.168,,14
60,1,0.18,,14
61,1,0.176,,14
62,1,0.14,,14
63,1,0.128,,14
64,1,0.2,,14
65,1,0.136,,14
66,1,0.872,,14
67,1,0.88,,14
68,1,0.808,,14
69,1,0.696,,14
70,1,0.936,,14
71,1,0.656,,14
72,1,0.764,,14
1,1,0.241758241758242,,15
2,1,0.234432234432234,,15
3,1,0.164835164835165,,15
4,1,0.142857142857143,,15
5,1,0.153846153846154,,15
6,1,0.19047619047619,,15
7,1,0.227106227106227,,15
8,1,0.245421245421245,,15
9,1,0.252747252747253,,15
10,1,0.326007326007326,,15
11,1,0.322344322344322,,15
12,1,0.267399267399267,,15
13,1,0.421245421245421,,15
14,1,0.307692307692308,,15
15,1,0.21978021978022,,15
16,1,0.311355311355311,,15
17,1,0.227106227106227,,15
18,1,0.168498168498169,,15
19,1,0.194139194139194,,15
20,1,0.208791208791209,,15
21,1,0.256410256410256,,15
22,1,0.194139194139194,,15
23,1,0.282051282051282,,15
24,1,0.17948717948718,,15
25,1,0.36996336996337,,15
26,1,0.285714285714286,,15
27,1,0.366300366300366,,15
28,1,0.63003663003663,,15
29,1,0.32967032967033,,15
30,1,0.267399267399267,,15
31,1,0.186813186813187,,15
32,1,0.26007326007326,,15
33,1,1.48717948717949,,15
34,1,0.633699633699634,,15
35,1,0.54945054945055,,15
36,1,0.322344322344322,,15
37,1,0.183150183150183,,15
38,1,0.186813186813187,,15
39,1,0.274725274725275,,15
40,1,0.241758241758242,,15
41,1,0.175824175824176,,15
42,1,0.197802197802198,,15
43,1,0.267399267399267,,15
44,1,0.249084249084249,,15
45,1,0.296703296703297,,15
46,1,0.263736263736264,,15
47,1,0.223443223443223,,15
48,1,0.183150183150183,,15
49,1,0.19047619047619,,15
50,1,0.194139194139194,,15
51,1,0.186813186813187,,15
52,1,1.48351648351648,,15
53,1,0.311355311355311,,15
54,1,0.315018315018315,,15
55,1,0.194139194139194,,15
56,1,0.223443223443223,,15
57,1,1.94139194139194,,15
58,1,0.333333333333333,,15
59,1,0.289377289377289,,15
60,1,0.212454212454212,,15
61,1,0.344322344322344,,15
62,1,0.252747252747253,,15
63,1,0.340659340659341,,15
64,1,0.318681318681319,,15
65,1,0.293040293040293,,15
66,1,1.19047619047619,,15
67,1,0.84981684981685,,15
68,1,0.904761904761905,,15
69,1,1.17582417582418,,15
70,1,1.1978021978022,,15
71,1,0.483516483516484,,15
72,1,1.28571428571429,,15
1,1,0.38,,16
2,1,0.26,,16
3,1,0.388,,16
4,1,0.228,,16
5,1,0.46,,16
6,1,0.288,,16
7,1,0.296,,16
8,1,0.292,,16
9,1,0.452,,16
10,1,0.34,,16
11,1,0.4,,16
12,1,0.188,,16
13,1,0.596,,16
14,1,0.316,,16
15,1,0.176,,16
16,1,0.36,,16
17,1,0.66,,16
18,1,0.196,,16
19,1,0.188,,16
20,1,0.184,,16
21,1,0.32,,16
22,1,0.192,,16
23,1,0.428,,16
24,1,0.196,,16
25,1,0.636,,16
26,1,0.252,,16
27,1,0.372,,16
28,1,0.432,,16
29,1,0.332,,16
30,1,0.236,,16
31,1,0.228,,16
32,1,0.264,,16
33,1,0.476,,16
34,1,0.708,,16
35,1,0.808,,16
36,1,0.348,,16
37,1,0.244,,16
38,1,0.192,,16
39,1,0.312,,16
40,1,0.424,,16
41,1,0.292,,16
42,1,0.212,,16
43,1,0.156,,16
44,1,0.46,,16
45,1,0.168,,16
46,1,0.164,,16
47,1,0.16,,16
48,1,0.204,,16
49,1,0.304,,16
50,1,0.164,,16
51,1,0.22,,16
52,1,0.54,,16
53,1,0.24,,16
54,1,0.348,,16
55,1,0.164,,16
56,1,0.156,,16
57,1,0.532,,16
58,1,0.168,,16
59,1,0.168,,16
60,1,0.18,,16
61,1,0.176,,16
62,1,0.14,,16
63,1,0.128,,16
64,1,0.2,,16
65,1,0.136,,16
66,1,0.872,,16
67,1,0.88,,16
68,1,0.808,,16
69,1,0.696,,16
70,1,0.936,,16
71,1,0.656,,16
72,1,0.764,,16
