RowNr,N,Mean,SD,Instance
1,3,1.164,0.0105830052442584,1
2,3,1.108,0.0501198563445666,1
3,3,1.27066666666667,0.091418451820917,1
4,3,1.096,0.0660908465674332,1
5,3,0.961333333333333,0.0884835201228643,1
6,3,0.166666666666667,0.00230940107675851,1
7,3,0.172,0.0346410161513775,1
8,3,0.204,0.028,1
9,3,1.08666666666667,0.0589689183666559,1
10,3,1.14,0.092,1
11,3,1.00266666666667,0.0500133315560295,1
12,3,0.956,0.16292329483533,1
13,3,1.17466666666667,0.145894939368483,1
14,3,1.20933333333333,0.014047538337137,1
15,3,0.978666666666667,0.0582866479850517,1
16,3,1.248,0.110851251684408,1
17,3,1.07733333333333,0.148018016921364,1
18,3,0.210666666666667,0.0660101002372617,1
19,3,0.212,0.100955435712992,1
20,3,0.210666666666667,0.0991429943734469,1
21,3,1.308,0.191373979422491,1
22,3,1.12666666666667,0.0825913635517257,1
23,3,1.23066666666667,0.0809279514959655,1
24,3,1.06,0.0450777106783386,1
25,3,1.128,0.0733212111192934,1
26,3,0.365333333333333,0.10440945040241,1
27,3,0.461333333333333,0.220556870972848,1
28,3,0.993333333333333,0.196665536719918,1
29,3,0.176,0.0355527776692624,1
30,3,0.204,0.0183303027798234,1
31,3,0.208,0.004,1
32,3,0.286666666666667,0.0917678229737054,1
33,3,1.59866666666667,0.18574534538807,1
34,3,1.436,0.10888526071053,1
35,3,1.312,0.0901554213566771,1
36,3,0.253333333333333,0.0680392043849231,1
37,3,0.226666666666667,0.0672111101926857,1
38,3,0.221333333333333,0.0189032625050104,1
39,3,0.174666666666667,0.0166533279957291,1
40,3,1.30933333333333,0.0546015872785154,1
41,3,1.18666666666667,0.106232449530891,1
42,3,1.06533333333333,0.0680392043849231,1
43,3,1.18533333333333,0.044959240800233,1
44,3,1.12266666666667,0.109276407944869,1
45,3,1.09333333333333,0.102319760229065,1
46,3,1.032,0.024,1
47,3,0.904,0.0461302503786832,1
48,3,0.168,0.052,1
49,3,0.261333333333333,0.0683910325505715,1
50,3,0.190666666666667,0.0189032625050104,1
51,3,0.233333333333333,0.0620107517559119,1
52,3,1.584,0.0808949936646267,1
53,3,0.186666666666667,0.0283783955383904,1
54,3,0.185333333333333,0.029484459183328,1
55,3,0.190666666666667,0.00832666399786454,1
56,3,0.212,0.0348711915483254,1
57,3,1.60533333333333,0.222866178083022,1
58,3,0.194666666666667,0.0410528115155751,1
59,3,0.212,0.014422205101856,1
60,3,0.249333333333333,0.014047538337137,1
61,3,0.349333333333333,0.0266333124739176,1
62,3,0.292,0.016,1
63,3,0.301333333333333,0.0909798512492372,1
64,3,0.334666666666667,0.0260256283945908,1
65,3,0.304,0.134580830730086,1
66,3,1.53733333333333,0.115746850209124,1
67,3,1.58933333333333,0.105248911316618,1
68,3,1.50266666666667,0.0388501394248893,1
69,3,1.54933333333333,0.154781566516602,1
70,3,1.488,0.624819974072532,1
71,3,1.14133333333333,0.412025889154229,1
72,3,2.004,0.752159557540819,1
1,3,1.17493284493285,0.10423092424267,2
2,3,1.12205128205128,0.0617948717948718,2
3,3,1.15141636141636,0.0897386582582659,2
4,3,1.01046398046398,0.0790421051125374,2
5,3,0.701037851037851,0.244568960040057,2
6,3,0.151953601953602,0.0304118512295843,2
7,3,0.144615384615385,0.00866120295079721,2
8,3,0.147838827838828,0.0201027830272469,2
9,3,1.10449328449328,0.112220924294803,2
10,3,1.09851037851038,0.0800354928489244,2
11,3,1.00179487179487,0.0558179863508439,2
12,3,1.0073137973138,0.0632323171431584,2
13,3,1.02810744810745,0.0585738147822431,2
14,3,1.02214896214896,0.125256008998238,2
15,3,1.00455433455433,0.0883367060221636,2
16,3,1.2285347985348,0.154787556666381,2
17,3,0.770476190476191,0.173184132541559,2
18,3,0.207155067155067,0.0535604833167231,2
19,3,0.208937728937729,0.0216129943128082,2
20,3,0.245494505494506,0.0544017953828182,2
21,3,1.10538461538462,0.14348462269308,2
22,3,1.04676434676435,0.0801960619705492,2
23,3,1.1496336996337,0.0442193123286659,2
24,3,1.082442002442,0.0800598983229272,2
25,3,0.936788766788767,0.290727134866255,2
26,3,0.618888888888889,0.0611313097932396,2
27,3,1.53484737484737,0.0745293104279107,2
28,3,2.40862026862027,0.303019153175071,2
29,3,0.243504273504274,0.0790818172241399,2
30,3,0.252612942612943,0.104596877713056,2
31,3,0.249157509157509,0.049477661811859,2
32,3,0.283272283272283,0.0867723303291781,2
33,3,2.21420024420024,0.18391099973725,2
34,3,1.83189255189255,0.136231776419269,2
35,3,1.617557997558,0.0413442029701049,2
36,3,0.210598290598291,0.043591503232457,2
37,3,0.194603174603175,0.0075642873380596,2
38,3,0.198388278388278,0.0371641643662715,2
39,3,0.256275946275946,0.0839200960997765,2
40,3,1.19372405372405,0.146079306289347,2
41,3,1.05610500610501,0.2240695728875,2
42,3,1.04653235653236,0.0648210114032937,2
43,3,1.02147741147741,0.109969265345877,2
44,3,1.02255189255189,0.128723422953915,2
45,3,1.21374847374847,0.213277303319842,2
46,3,1.0074358974359,0.0636501987231905,2
47,3,0.865128205128205,0.34335114179892,2
48,3,0.236605616605617,0.131735430448844,2
49,3,0.223052503052503,0.0839682317746851,2
50,3,0.237264957264957,0.0342721188201763,2
51,3,0.294017094017094,0.051062564487116,2
52,3,1.99605616605617,0.158044427962233,2
53,3,0.186825396825397,0.0186039601112671,2
54,3,0.290476190476191,0.0472821415233012,2
55,3,0.24028083028083,0.0732349804401262,2
56,3,0.254163614163614,0.0685769691624236,2
57,3,2.14830280830281,0.339786935483828,2
58,3,0.223943833943834,0.0918791460215299,2
59,3,0.18006105006105,0.0668752155406854,2
60,3,0.222832722832723,0.104524130980181,2
61,3,0.215152625152625,0.105144427877051,2
62,3,0.232271062271062,0.0847042728016585,2
63,3,0.295042735042735,0.0796319332622972,2
64,3,0.345897435897436,0.0506376175419239,2
65,3,0.373797313797314,0.08637969491969,2
66,3,1.97308913308913,0.0964861679759308,2
67,3,1.98460317460317,0.178299051529351,2
68,3,2.06349206349206,0.13599164084399,2
69,3,1.87203907203907,0.0640132746355587,2
70,3,1.87010989010989,0.178358851586773,2
71,3,1.79372405372405,0.321323527983282,2
72,3,2.76172161172161,0.0779129662013867,2
1,3,0.995777777777778,0.111857713851787,3
2,3,1.01466666666667,0.0761402215214359,3
3,3,1.17,0.145615933194139,3
4,3,1.07933333333333,0.0626843946555546,3
5,3,0.709333333333333,0.47558525348599,3
6,3,0.155777777777778,0.0147019776951316,3
7,3,0.170444444444444,0.0248044201556751,3
8,3,0.167777777777778,0.0409570687608559,3
9,3,0.994222222222222,0.103196324941741,3
10,3,1.00111111111111,0.182467450166791,3
11,3,1.07955555555556,0.0873341815056354,3
12,3,0.895333333333333,0.0823731347790852,3
13,3,1.01933333333333,0.0972076814523077,3
14,3,1.10555555555556,0.0762228700976677,3
15,3,0.941777777777778,0.0493573515106732,3
16,3,1.13266666666667,0.134615501831451,3
17,3,0.755333333333333,0.314428582246165,3
18,3,0.154666666666667,0.00611010092660779,3
19,3,0.165777777777778,0.041232852777223,3
20,3,0.249555555555556,0.0862202176170179,3
21,3,1.05911111111111,0.188629364196132,3
22,3,0.987777777777778,0.132343548444247,3
23,3,1.12533333333333,0.060044427995721,3
24,3,1.03311111111111,0.0149120880620512,3
25,3,1.06666666666667,0.0843168626867326,3
26,3,0.504666666666667,0.234728211626411,3
27,3,1.02288888888889,0.453855744743897,3
28,3,1.73866666666667,0.600217738269483,3
29,3,0.195333333333333,0.0271538824725551,3
30,3,0.226444444444444,0.101307745307352,3
31,3,0.229777777777778,0.0723612337384331,3
32,3,0.283333333333333,0.0690603600724275,3
33,3,1.87266666666667,0.57665356439836,3
34,3,1.49977777777778,0.202688960762087,3
35,3,1.48844444444444,0.24853824506353,3
36,3,0.324666666666667,0.0204287379280594,3
37,3,0.254666666666667,0.0672111101926857,3
38,3,0.246666666666667,0.06226823695379,3
39,3,0.314888888888889,0.127251864571947,3
40,3,1.15266666666667,0.0630026454471027,3
41,3,1.05511111111111,0.206719706455473,3
42,3,0.990444444444444,0.150073068623008,3
43,3,1.03622222222222,0.107344374863403,3
44,3,0.950444444444445,0.109857146297328,3
45,3,1.07688888888889,0.11688043906932,3
46,3,0.925555555555556,0.0607667062838903,3
47,3,0.669111111111111,0.391487382134304,3
48,3,0.156,0.027712812921102,3
49,3,0.198666666666667,0.0180369990112916,3
50,3,0.196,0.0729931503635787,3
51,3,0.238666666666667,0.0921158690635514,3
52,3,1.842,0.336873863634447,3
53,3,0.218444444444444,0.06568048359997,3
54,3,0.227333333333333,0.0892711226171898,3
55,3,0.188444444444444,0.0219224221424685,3
56,3,0.255777777777778,0.0762461899473114,3
57,3,1.83466666666667,0.383089197620258,3
58,3,0.217777777777778,0.0589136216406258,3
59,3,0.203111111111111,0.0506725142824362,3
60,3,0.231555555555556,0.0898921164095751,3
61,3,0.280444444444444,0.0478949467681709,3
62,3,0.334222222222222,0.0313923793536183,3
63,3,0.307333333333333,0.0751620471603411,3
64,3,0.347777777777778,0.0482785129722821,3
65,3,0.361111111111111,0.0367836517632091,3
66,3,1.66733333333333,0.201953790094005,3
67,3,1.67466666666667,0.19638058288266,3
68,3,1.69844444444444,0.231906430683999,3
69,3,1.63644444444444,0.175607306015228,3
70,3,1.526,0.338744741656605,3
71,3,1.41422222222222,0.343757882064516,3
72,3,2.082,0.308888329336024,3
1,3,1.32006837606838,0.42106906716714,4
2,3,0.997091575091575,0.122522050066997,4
3,3,1.06926251526252,0.126635991670049,4
4,3,1.17067643467643,0.116590054565055,4
5,3,0.842,0.248137058900923,4
6,3,0.307916971916972,0.059467734120096,4
7,3,0.245494505494506,0.0540945654159518,4
8,3,0.272935286935287,0.081376056825041,4
9,3,1.12419536019536,0.255334026177805,4
10,3,0.980974358974359,0.0862184281751991,4
11,3,1.03063247863248,0.0874208022661552,4
12,3,0.882800976800977,0.175899003664154,4
13,3,1.11819291819292,0.0969474477383672,4
14,3,1.12588278388278,0.198988865747262,4
15,3,0.944100122100122,0.08848600828972,4
16,3,1.15747496947497,0.102059771381904,4
17,3,0.901047619047619,0.438938246887303,4
18,3,0.225423687423687,0.147426420705754,4
19,3,0.209389499389499,0.0644845794754771,4
20,3,0.291809523809524,0.0468226741204663,4
21,3,1.10692796092796,0.126703714222194,4
22,3,1.00866422466422,0.0973402326739104,4
23,3,1.02944078144078,0.0216901356776469,4
24,3,0.903452991452991,0.110610776187936,4
25,3,0.856014652014652,0.306496975920547,4
26,3,0.32992673992674,0.0955206361227292,4
27,3,1.16367032967033,0.155290656751914,4
28,3,1.81631257631258,0.241280183719441,4
29,3,0.195960927960928,0.0986863889240633,4
30,3,0.227284493284493,0.103041759620302,4
31,3,0.231399267399267,0.120499523409951,4
32,3,0.202161172161172,0.0201785625972979,4
33,3,1.90443956043956,0.295826291976821,4
34,3,1.85849084249084,0.496623908423302,4
35,3,1.66831746031746,0.513482276592781,4
36,3,0.267775335775336,0.0839394806019582,4
37,3,0.208837606837607,0.0768645304265531,4
38,3,0.232725274725275,0.0929688621416473,4
39,3,0.279362637362637,0.0499078284737692,4
40,3,1.53335286935287,0.642135936047444,4
41,3,1.10836141636142,0.136733999931084,4
42,3,1.01407326007326,0.0920197010467013,4
43,3,1.04710134310134,0.0854023318405302,4
44,3,1.0289304029304,0.156151952000844,4
45,3,1.12912332112332,0.146688095197429,4
46,3,0.999203907203907,0.059822663832947,4
47,3,0.491738705738706,0.326289023977815,4
48,3,0.21840293040293,0.114989126741362,4
49,3,0.177514041514042,0.0583139605134118,4
50,3,0.15629304029304,0.0312507482501089,4
51,3,0.139958485958486,0.0277553465228056,4
52,3,1.80496214896215,0.0725689308130458,4
53,3,0.235960927960928,0.113770347646301,4
54,3,0.304456654456654,0.0107018858984344,4
55,3,0.207811965811966,0.0198843687817758,4
56,3,0.184385836385836,0.0170319592176276,4
57,3,1.96566788766789,0.287562555712137,4
58,3,0.283347985347985,0.02423583073508,4
59,3,0.327233211233211,0.0763008362935318,4
60,3,0.312117216117216,0.0627170103898183,4
61,3,0.300361416361416,0.0465619040952789,4
62,3,0.284503052503053,0.110632667075735,4
63,3,0.256405372405372,0.132084202575875,4
64,3,0.249057387057387,0.108267537594022,4
65,3,0.230505494505495,0.0731610348878124,4
66,3,1.93862759462759,0.283279908238079,4
67,3,1.95085225885226,0.344100115748548,4
68,3,1.88942368742369,0.271912046889654,4
69,3,1.62715995115995,0.472711397962975,4
70,3,1.81415384615385,0.424280147609442,4
71,3,0.850180708180708,0.697655011842356,4
72,3,1.2750695970696,1.0572914498337,4
1,3,1.12157509157509,0.0630183878354813,5
2,3,1.16040293040293,0.181017335704395,5
3,3,1.12067155067155,0.172844859960908,5
4,3,1.18488400488401,0.0703422734942732,5
5,3,0.628559218559219,0.519516308529351,5
6,3,0.222661782661783,0.086671383339316,5
7,3,0.223199023199023,0.0392152442806268,5
8,3,0.255750915750916,0.0868770881184224,5
9,3,1.00930402930403,0.0610167577051332,5
10,3,1.02547008547009,0.194039179896019,5
11,3,1.02518925518926,0.0423794854655939,5
12,3,1.0534188034188,0.0934080897196342,5
13,3,1.13396825396825,0.155886786199726,5
14,3,1.20494505494506,0.21399458950553,5
15,3,1.11015873015873,0.105769897296369,5
16,3,1.34054945054945,0.261926347121477,5
17,3,0.873260073260073,0.347114391070725,5
18,3,0.280622710622711,0.0949464610645211,5
19,3,0.246630036630037,0.0513077774298957,5
20,3,0.287228327228327,0.12244915193328,5
21,3,0.967228327228327,0.0613953216363924,5
22,3,1.05716727716728,0.071668062239064,5
23,3,1.12799755799756,0.158947332881646,5
24,3,1.10525030525031,0.276749886084244,5
25,3,1.01175824175824,0.079313317392964,5
26,3,0.317741147741148,0.214104291671317,5
27,3,0.471477411477412,0.407980121040551,5
28,3,1.7629304029304,0.984700382254859,5
29,3,0.2397557997558,0.0897380975618776,5
30,3,0.183223443223443,0.0350580644020364,5
31,3,0.215653235653236,0.0520569571205623,5
32,3,0.222405372405372,0.0716012595838448,5
33,3,2.21945054945055,0.456023276521886,5
34,3,1.59754578754579,0.217219536198531,5
35,3,1.37206349206349,0.179498621648193,5
36,3,0.312930402930403,0.128619669941136,5
37,3,0.327045177045177,0.128220346210012,5
38,3,0.280610500610501,0.0971493302594542,5
39,3,0.325347985347985,0.0947279376603448,5
40,3,1.1264590964591,0.116097664970639,5
41,3,1.04388278388278,0.126882830359005,5
42,3,1.01023199023199,0.111252129112127,5
43,3,1.03772893772894,0.069815542961759,5
44,3,1.00472527472527,0.156508547578895,5
45,3,1.12981684981685,0.0512952364002265,5
46,3,0.906031746031746,0.113749123828846,5
47,3,0.762673992673993,0.413784416703378,5
48,3,0.208180708180708,0.0865727752063737,5
49,3,0.282442002442002,0.194192892336348,5
50,3,0.161794871794872,0.036390554143429,5
51,3,0.282478632478632,0.139196107241405,5
52,3,2.12452991452991,0.267086224341229,5
53,3,0.220989010989011,0.0733631783614832,5
54,3,0.324700854700855,0.141664109802316,5
55,3,0.20976800976801,0.0603243805751716,5
56,3,0.242722832722833,0.103154243679791,5
57,3,2.15194139194139,0.130931308020391,5
58,3,0.194652014652015,0.0259837895871862,5
59,3,0.285860805860806,0.140539326089447,5
60,3,0.2795115995116,0.121061142415942,5
61,3,0.356459096459096,0.0955092317788201,5
62,3,0.291599511599512,0.100712227932068,5
63,3,0.399023199023199,0.197531130685713,5
64,3,0.355641025641026,0.0870373375526008,5
65,3,0.578339438339438,0.249184383377511,5
66,3,1.44545787545788,0.345218347488572,5
67,3,1.6479242979243,0.47808008900197,5
68,3,1.68080586080586,0.363137236414624,5
69,3,1.14744810744811,0.327347792236104,5
70,3,1.54465201465201,0.65502452070953,5
71,3,0.711208791208791,0.48802753037041,5
72,3,1.87943833943834,1.30559862835376,5
1,3,1.03844444444444,0.14162600723711,6
2,3,1.05066666666667,0.196543464234589,6
3,3,1.00488888888889,0.206603574598885,6
4,3,1.11955555555556,0.231448898447568,6
5,3,0.777333333333333,0.164406001512516,6
6,3,0.221555555555556,0.0835499407096893,6
7,3,0.232666666666667,0.0866333269206103,6
8,3,0.259111111111111,0.135360150599689,6
9,3,0.991111111111111,0.210996928185468,6
10,3,1.04733333333333,0.258149827296734,6
11,3,1.06688888888889,0.0636320441054429,6
12,3,0.946,0.228901725637882,6
13,3,1.05844444444444,0.158599892578545,6
14,3,1.09555555555556,0.266364272990816,6
15,3,0.901333333333333,0.187502888866634,6
16,3,1.09511111111111,0.257085660893479,6
17,3,0.723777777777778,0.461285321843377,6
18,3,0.214888888888889,0.0882328569017066,6
19,3,0.166222222222222,0.0194288826616839,6
20,3,0.176888888888889,0.043844844284937,6
21,3,0.926222222222222,0.138000536767609,6
22,3,0.982666666666667,0.163233983389898,6
23,3,0.986444444444444,0.17494168340505,6
24,3,0.975111111111111,0.0571988085864007,6
25,3,1.01222222222222,0.165360660823994,6
26,3,0.213111111111111,0.021871679642185,6
27,3,0.633333333333333,0.494163265868006,6
28,3,1.72844444444444,0.550757592708377,6
29,3,0.208,0.0471593044902064,6
30,3,0.288888888888889,0.0695679790112068,6
31,3,0.258888888888889,0.0603410062647039,6
32,3,0.292,0.012,6
33,3,1.93733333333333,0.279695072057649,6
34,3,1.47977777777778,0.196143182772556,6
35,3,1.36155555555556,0.115962318273046,6
36,3,0.355555555555556,0.0893863855736763,6
37,3,0.322222222222222,0.136250314304768,6
38,3,0.297333333333333,0.0755071740520948,6
39,3,0.324666666666667,0.0387986254052039,6
40,3,1.23622222222222,0.158737145877962,6
41,3,1.17022222222222,0.156746551737132,6
42,3,1.09711111111111,0.151123692286717,6
43,3,1.06933333333333,0.0790274214012663,6
44,3,1.03,0.140982268388617,6
45,3,1.16177777777778,0.203394890499937,6
46,3,0.989777777777778,0.0395830116945998,6
47,3,0.783777777777778,0.37467872657538,6
48,3,0.207777777777778,0.0541370004231377,6
49,3,0.342666666666667,0.0205264057577875,6
50,3,0.227333333333333,0.0700380848776816,6
51,3,0.269555555555556,0.0833742121957339,6
52,3,1.74911111111111,0.112882108282803,6
53,3,0.223333333333333,0.102143689640297,6
54,3,0.201333333333333,0.105096780794339,6
55,3,0.223111111111111,0.060594584772104,6
56,3,0.217777777777778,0.0926866485250967,6
57,3,2.02066666666667,0.463432123760679,6
58,3,0.232444444444444,0.0414478699805663,6
59,3,0.261777777777778,0.0569808284848054,6
60,3,0.25,0.0937869927015468,6
61,3,0.273555555555556,0.124726070220274,6
62,3,0.259777777777778,0.0879553758911196,6
63,3,0.314,0.169788103234591,6
64,3,0.290666666666667,0.0720370275159472,6
65,3,0.465777777777778,0.214622493729839,6
66,3,1.52288888888889,0.228906903282471,6
67,3,1.51822222222222,0.167121158090415,6
68,3,1.49377777777778,0.259453556823082,6
69,3,1.36133333333333,0.0681566822353709,6
70,3,1.34911111111111,0.240196524476043,6
71,3,0.982888888888889,0.329239077830033,6
72,3,1.472,0.542836992107207,6
1,3,1.11333333333333,0.106006289121605,7
2,3,1.14666666666667,0.060044427995721,7
3,3,1.14,0.0729931503635786,7
4,3,0.994666666666667,0.113724814061547,7
5,3,0.829333333333333,0.455233273534936,7
6,3,0.332,0.0900666419935816,7
7,3,0.250666666666667,0.0400666112035113,7
8,3,0.204,0.0445421149026402,7
9,3,1.01466666666667,0.0863790097959761,7
10,3,0.949333333333333,0.160814593035997,7
11,3,1.03466666666667,0.0950228042805164,7
12,3,0.932,0.129799845916704,7
13,3,0.950666666666667,0.12408599168856,7
14,3,1.124,0.1503595690337,7
15,3,0.986666666666667,0.0378065250100209,7
16,3,1.11733333333333,0.277397428490845,7
17,3,0.770666666666667,0.512005208306843,7
18,3,0.26,0.104230513766363,7
19,3,0.238666666666667,0.11553931509808,7
20,3,0.313333333333333,0.112166542842923,7
21,3,0.954666666666667,0.0333066559914581,7
22,3,0.990666666666667,0.0662520439936259,7
23,3,1.22533333333333,0.0748687740872878,7
24,3,1.17466666666667,0.29730343646405,7
25,3,1.13466666666667,0.158862624091802,7
26,3,0.481333333333333,0.132685090847967,7
27,3,0.605333333333333,0.245612160393848,7
28,3,2.32666666666667,0.162497179462701,7
29,3,0.170666666666667,0.032331615074619,7
30,3,0.248,0.0763151361133557,7
31,3,0.217333333333333,0.0771837634048336,7
32,3,0.270666666666667,0.0748687740872878,7
33,3,2.25466666666667,0.632788537612158,7
34,3,1.85066666666667,0.40172295594518,7
35,3,1.64,0.461510563259391,7
36,3,0.190666666666667,0.00923760430703402,7
37,3,0.225333333333333,0.0266333124739176,7
38,3,0.249333333333333,0.0612318000170935,7
39,3,0.304,0.0624819974072532,7
40,3,1.168,0.0802994395995389,7
41,3,1.07066666666667,0.104332800850611,7
42,3,0.956,0.111498878918131,7
43,3,0.965333333333333,0.0670919766688487,7
44,3,0.964,0.156,7
45,3,1.13466666666667,0.0151437555888007,7
46,3,0.978666666666667,0.146769660806767,7
47,3,0.893333333333333,0.234378611083293,7
48,3,0.210666666666667,0.10971478174491,7
49,3,0.206666666666667,0.070691819422995,7
50,3,0.174666666666667,0.0704651213958603,7
51,3,0.309333333333333,0.0733575717518876,7
52,3,2.056,0.538278738201687,7
53,3,0.165333333333333,0.0266333124739176,7
54,3,0.193333333333333,0.0378065250100209,7
55,3,0.170666666666667,0.00832666399786452,7
56,3,0.301333333333333,0.101928079219287,7
57,3,2.036,0.539258750508511,7
58,3,0.22,0.0660908465674332,7
59,3,0.246666666666667,0.0577350269189626,7
60,3,0.204,0.060398675482166,7
61,3,0.352,0.059194594347795,7
62,3,0.318666666666667,0.117462050609264,7
63,3,0.309333333333333,0.0325781112609883,7
64,3,0.246666666666667,0.10042576030747,7
65,3,0.286666666666667,0.132020200474523,7
66,3,1.89066666666667,0.238002801103965,7
67,3,2.00133333333333,0.291323417069987,7
68,3,2.16,0.220435931735278,7
69,3,1.96933333333333,0.379733239700363,7
70,3,1.932,0.561839834828397,7
71,3,1.09466666666667,0.222039035607105,7
72,3,2.37866666666667,0.741569506744535,7
1,3,1.15293528693529,0.102105007652721,8
2,3,1.19839072039072,0.0420465915708877,8
3,3,1.11400976800977,0.164807669881622,8
4,3,1.20422222222222,0.215024890893365,8
5,3,0.729599511599512,0.418369493468906,8
6,3,0.277032967032967,0.123951178257276,8
7,3,0.274261294261294,0.0554977009601564,8
8,3,0.342222222222222,0.126900369202393,8
9,3,1.07973137973138,0.0869014661682673,8
10,3,1.1202442002442,0.20980643012033,8
11,3,1.08086935286935,0.0706800814702483,8
12,3,1.00162637362637,0.129421456086291,8
13,3,1.00842246642247,0.0751939658698183,8
14,3,1.13274236874237,0.0410279704554095,8
15,3,1.06861538461538,0.0740554725712521,8
16,3,1.33026862026862,0.271973920698554,8
17,3,0.839289377289377,0.454236442530915,8
18,3,0.293799755799756,0.0670204397242979,8
19,3,0.202949938949939,0.0625195564764628,8
20,3,0.305142857142857,0.0633507315880706,8
21,3,1.00030525030525,0.07585756315185,8
22,3,1.0725177045177,0.0802927680182189,8
23,3,1.14221245421245,0.193557110927491,8
24,3,1.04672039072039,0.111254403222324,8
25,3,1.06673504273504,0.0555871258096217,8
26,3,0.346065934065934,0.128054888840468,8
27,3,0.595545787545787,0.396002656132942,8
28,3,2.02705494505495,0.305927143077049,8
29,3,0.236720390720391,0.069331951694242,8
30,3,0.255240537240537,0.0450404398064661,8
31,3,0.223831501831502,0.0451937864898652,8
32,3,0.279008547008547,0.0399855770622386,8
33,3,2.07325274725275,0.723809262542404,8
34,3,1.79973626373626,0.285583460984972,8
35,3,1.64978021978022,0.299863661900047,8
36,3,0.36446398046398,0.0965758126647383,8
37,3,0.343037851037851,0.126922983964855,8
38,3,0.313379731379731,0.104655287926884,8
39,3,0.340376068376068,0.121420708220775,8
40,3,1.07406837606838,0.0597251282873223,8
41,3,1.04861538461538,0.123940050406132,8
42,3,0.956776556776557,0.101783423440842,8
43,3,0.998742368742369,0.103391134020873,8
44,3,0.961956043956044,0.156402008343831,8
45,3,1.08783882783883,0.078270185942929,8
46,3,0.92231746031746,0.108576287833336,8
47,3,0.793340659340659,0.330304998603417,8
48,3,0.268046398046398,0.0843902013982415,8
49,3,0.271394383394383,0.117145731003912,8
50,3,0.221401709401709,0.119407713570138,8
51,3,0.327990231990232,0.0829503598003285,8
52,3,2.17579731379731,0.139690731741471,8
53,3,0.206178266178266,0.0775839856134656,8
54,3,0.301433455433455,0.115571566979348,8
55,3,0.288757020757021,0.0976936482664526,8
56,3,0.299990231990232,0.0544543387758659,8
57,3,2.04933821733822,0.444744560534791,8
58,3,0.242007326007326,0.063092274341999,8
59,3,0.520136752136752,0.356855288778353,8
60,3,0.306434676434676,0.0922234653621806,8
61,3,0.404063492063492,0.0629740135249506,8
62,3,0.344884004884005,0.00428075435937374,8
63,3,0.446307692307692,0.0974690496906596,8
64,3,0.353081807081807,0.0597135555957317,8
65,3,0.538444444444445,0.180525570159691,8
66,3,1.51339438339438,0.319322407525871,8
67,3,1.86785103785104,0.257492004736519,8
68,3,1.8306105006105,0.299046542967316,8
69,3,1.49386324786325,0.0775114308693016,8
70,3,1.72142124542125,0.411031524966756,8
71,3,1.05905982905983,0.495184591813314,8
72,3,2.20572893772894,0.821963818150509,8
