RowNr,N,Mean,SD,Instance
1,3,66,2.64575131106459,1
2,3,74,6.2449979983984,1
3,3,73,12.1655250605964,1
4,3,70,9.64365076099295,1
5,3,75.6666666666667,6.11010092660779,1
6,3,75,7.21110255092798,1
7,3,79.3333333333333,12.5033328890074,1
8,3,77,14,1
9,3,72.3333333333333,15.0111069989303,1
10,3,71.3333333333333,6.02771377334171,1
11,3,71.6666666666667,18.3393929379719,1
12,3,71.3333333333333,7.23417813807024,1
13,3,75,10.3923048454133,1
14,3,73.3333333333333,9.29157324317757,1
15,3,75,10.816653826392,1
16,3,82,8.54400374531753,1
17,3,77.6666666666667,11.6761865920913,1
18,3,79,9.53939201416946,1
19,3,78,11.7898261225516,1
20,3,83,6.2449979983984,1
21,3,79.3333333333333,11.5902257671425,1
22,3,73.6666666666667,14.4683562761405,1
23,3,80.6666666666667,10.0664459136943,1
24,3,67.3333333333333,36.9368831025756,1
25,3,79.3333333333333,9.07377172587747,1
26,3,77.3333333333333,15.8219257150744,1
27,3,78,14.1067359796659,1
28,3,75,9.8488578017961,1
29,3,77.6666666666667,9.50438495292217,1
30,3,76.6666666666667,6.02771377334171,1
31,3,80.6666666666667,13.6503968196288,1
32,3,80.6666666666667,13.0511813003013,1
33,3,84.3333333333333,10.0166528008778,1
34,3,78.6666666666667,10.2143689640297,1
35,3,72.6666666666667,13.6503968196288,1
36,3,76.3333333333333,8.62167810425171,1
37,3,76,6.92820323027551,1
38,3,75.6666666666667,9.23760430703401,1
39,3,78.6666666666667,10.2632028788938,1
40,3,75,8,1
41,3,71.6666666666667,8.50490054811538,1
42,3,73,6.08276253029822,1
43,3,78.6666666666667,11.5036226178249,1
44,3,77,9.53939201416946,1
45,3,75.6666666666667,11.3724814061547,1
46,3,75,4.58257569495584,1
47,3,77.3333333333333,6.35085296108588,1
48,3,83,9.64365076099295,1
49,3,83,6.2449979983984,1
50,3,84.3333333333333,12.2202018532156,1
51,3,85,8.54400374531753,1
52,3,77,16.0934769394311,1
53,3,84,10.4403065089106,1
54,3,82.3333333333333,8.62167810425171,1
55,3,78,12.1655250605964,1
56,3,83,11,1
57,3,78,16.7032930884901,1
58,3,83,8,1
59,3,83.6666666666667,13.0511813003013,1
60,3,84.3333333333333,13.0511813003013,1
61,3,85.3333333333333,11.5902257671425,1
62,3,84.3333333333333,15.2752523165195,1
63,3,83.3333333333333,10.0166528008778,1
64,3,90.3333333333333,14.5028732785381,1
65,3,87.6666666666667,13.5030860670194,1
66,3,86,18.5202591774521,1
67,3,82.3333333333333,10.9696551146029,1
68,3,77.3333333333333,10.0664459136943,1
69,3,81.6666666666667,14.5716619962629,1
70,3,83.3333333333333,12.2202018532156,1
71,3,87.3333333333333,14.3643076176102,1
72,3,88.3333333333333,14.1539158303748,1
1,3,66.6666666666667,5.77350269189626,2
2,3,64.6666666666667,3.51188458428425,2
3,3,71.3333333333333,1.15470053837925,2
4,3,68.6666666666667,3.51188458428425,2
5,3,68,3.46410161513775,2
6,3,63.3333333333333,1.52752523165195,2
7,3,68.3333333333333,5.5075705472861,2
8,3,69,2.64575131106459,2
9,3,72.3333333333333,2.08166599946613,2
10,3,68,2,2
11,3,69.3333333333333,2.88675134594813,2
12,3,68,3,2
13,3,69.6666666666667,1.52752523165195,2
14,3,73.6666666666667,4.72581562625261,2
15,3,73.6666666666667,2.51661147842358,2
16,3,79.6666666666667,4.04145188432738,2
17,3,75.3333333333333,4.16333199893227,2
18,3,71.3333333333333,11.9303534454489,2
19,3,74,11.2694276695846,2
20,3,74.6666666666667,4.04145188432738,2
21,3,69.6666666666667,5.85946527708232,2
22,3,71.3333333333333,5.5075705472861,2
23,3,72.3333333333333,3.05505046330389,2
24,3,69.3333333333333,5.5075705472861,2
25,3,70.3333333333333,3.51188458428425,2
26,3,69.3333333333333,5.5075705472861,2
27,3,67,11.5325625946708,2
28,3,64.6666666666667,15.0111069989303,2
29,3,70.3333333333333,11.6761865920913,2
30,3,70,2,2
31,3,69,5.19615242270663,2
32,3,68.3333333333333,1.52752523165195,2
33,3,67.3333333333333,4.04145188432738,2
34,3,78,9.53939201416946,2
35,3,72.3333333333333,10.4083299973307,2
36,3,66.6666666666667,12.8582010146573,2
37,3,73,13.7477270848675,2
38,3,74.3333333333333,15.1437555888007,2
39,3,72.3333333333333,8.50490054811538,2
40,3,71.6666666666667,7.57187779440037,2
41,3,70.6666666666667,3.05505046330389,2
42,3,68.6666666666667,1.15470053837925,2
43,3,72.3333333333333,3.21455025366432,2
44,3,68.3333333333333,7.23417813807024,2
45,3,68.3333333333333,6.11010092660779,2
46,3,70.6666666666667,2.3094010767585,2
47,3,68.3333333333333,7.23417813807024,2
48,3,71.3333333333333,7.37111479583199,2
49,3,72.3333333333333,7.76745346515403,2
50,3,75.6666666666667,5.03322295684717,2
51,3,77.3333333333333,7.57187779440037,2
52,3,68.6666666666667,12.0554275466834,2
53,3,73,14.1774468787578,2
54,3,74,2,2
55,3,77.3333333333333,0.577350269189626,2
56,3,75.3333333333333,3.05505046330389,2
57,3,70,6.2449979983984,2
58,3,73.6666666666667,7.50555349946514,2
59,3,71,4,2
60,3,69.6666666666667,9.50438495292217,2
61,3,73.3333333333333,2.3094010767585,2
62,3,79,5.29150262212918,2
63,3,81.3333333333333,6.65832811847939,2
64,3,83.3333333333333,3.21455025366432,2
65,3,81,8.88819441731559,2
66,3,80.3333333333333,7.09459888459759,2
67,3,73.3333333333333,6.02771377334171,2
68,3,73.6666666666667,6.35085296108588,2
69,3,69.6666666666667,8.32666399786453,2
70,3,72,14.7986485869487,2
71,3,74,5.56776436283002,2
72,3,72.3333333333333,9.29157324317757,2
1,3,65.6666666666667,6.11010092660779,3
2,3,64,1.73205080756888,3
3,3,67,7,3
4,3,64.6666666666667,2.51661147842358,3
5,3,65.6666666666667,10.1159939369957,3
6,3,61,7.81024967590665,3
7,3,64,5.29150262212918,3
8,3,65.3333333333333,10.5039675043925,3
9,3,71.6666666666667,5.68624070307733,3
10,3,67.3333333333333,4.04145188432738,3
11,3,67,10.5830052442584,3
12,3,69.3333333333333,4.72581562625261,3
13,3,68.3333333333333,6.65832811847939,3
14,3,68.3333333333333,4.72581562625261,3
15,3,68.6666666666667,10.1159939369957,3
16,3,70.6666666666667,4.16333199893227,3
17,3,65.6666666666667,9.07377172587747,3
18,3,64,6.2449979983984,3
19,3,65,7.81024967590665,3
20,3,59.6666666666667,18.9296944860009,3
21,3,65,6.2449979983984,3
22,3,67,8.54400374531753,3
23,3,66.3333333333333,12.5830573921179,3
24,3,66,7.93725393319377,3
25,3,68.3333333333333,12.2202018532156,3
26,3,66,7.21110255092798,3
27,3,61.3333333333333,12.0554275466834,3
28,3,58.6666666666667,7.76745346515403,3
29,3,67.6666666666667,11.9303534454489,3
30,3,66,9.53939201416946,3
31,3,60.3333333333333,14.6401275039985,3
32,3,61.3333333333333,11.2398102000582,3
33,3,60,5.19615242270663,3
34,3,66,4.58257569495584,3
35,3,66.6666666666667,8.50490054811538,3
36,3,67.6666666666667,6.42910050732864,3
37,3,64.3333333333333,4.93288286231625,3
38,3,62.3333333333333,6.80685928555405,3
39,3,67.3333333333333,7.50555349946514,3
40,3,73.6666666666667,4.50924975282289,3
41,3,66.3333333333333,6.02771377334171,3
42,3,66.3333333333333,11.060440015358,3
43,3,62,13.5277492584687,3
44,3,68.3333333333333,6.65832811847939,3
45,3,62,7.54983443527075,3
46,3,63.6666666666667,8.7368949480541,3
47,3,56.6666666666667,24.8461935381123,3
48,3,67.3333333333333,10.0166528008778,3
49,3,65.6666666666667,7.50555349946514,3
50,3,68.3333333333333,8.62167810425171,3
51,3,65.6666666666667,8.08290376865476,3
52,3,57,1.73205080756888,3
53,3,72.3333333333333,12.8582010146573,3
54,3,71,9.53939201416946,3
55,3,66,7.93725393319377,3
56,3,67.6666666666667,13.6503968196288,3
57,3,64,6.557438524302,3
58,3,74.6666666666667,5.68624070307733,3
59,3,71.6666666666667,4.04145188432738,3
60,3,73.3333333333333,5.5075705472861,3
61,3,72,2,3
62,3,73.6666666666667,1.52752523165195,3
63,3,82.3333333333333,4.04145188432738,3
64,3,78,3,3
65,3,76.6666666666667,7.50555349946514,3
66,3,80,9.64365076099295,3
67,3,75.6666666666667,2.08166599946613,3
68,3,70,2,3
69,3,72.6666666666667,4.16333199893227,3
70,3,72.6666666666667,3.05505046330389,3
71,3,69.3333333333333,6.65832811847939,3
72,3,66.3333333333333,9.81495457622364,3
1,3,64.3333333333333,4.04145188432738,4
2,3,67.3333333333333,6.35085296108588,4
3,3,68,10,4
4,3,65.3333333333333,6.65832811847939,4
5,3,72.6666666666667,6.11010092660779,4
6,3,70.3333333333333,4.50924975282289,4
7,3,68.6666666666667,4.72581562625261,4
8,3,67.6666666666667,2.51661147842358,4
9,3,67.3333333333333,0.577350269189626,4
10,3,68.3333333333333,4.72581562625261,4
11,3,66.6666666666667,10.6926766215636,4
12,3,64.6666666666667,6.80685928555405,4
13,3,71.6666666666667,5.77350269189626,4
14,3,72,6.08276253029822,4
15,3,72.6666666666667,4.93288286231625,4
16,3,76.3333333333333,9.50438495292217,4
17,3,73.3333333333333,5.5075705472861,4
18,3,73.3333333333333,14.5716619962629,4
19,3,74.6666666666667,11.1504857891185,4
20,3,66,13.228756555323,4
21,3,71,5.29150262212918,4
22,3,68.6666666666667,14.2945210949277,4
23,3,69,9.53939201416946,4
24,3,70.6666666666667,11.1504857891185,4
25,3,67.3333333333333,7.23417813807024,4
26,3,72.6666666666667,8.50490054811538,4
27,3,73.3333333333333,11.5902257671425,4
28,3,69.3333333333333,10.5987420637231,4
29,3,74,6.2449979983984,4
30,3,72.3333333333333,9.29157324317757,4
31,3,72,9.64365076099295,4
32,3,69.6666666666667,8.32666399786453,4
33,3,69.3333333333333,6.02771377334171,4
34,3,72.3333333333333,13.7961347243833,4
35,3,68.3333333333333,13.0511813003013,4
36,3,68.3333333333333,6.11010092660779,4
37,3,71.6666666666667,6.65832811847939,4
38,3,70.3333333333333,7.63762615825973,4
39,3,65,8.71779788708135,4
40,3,65.6666666666667,2.51661147842358,4
41,3,64.6666666666667,8.50490054811538,4
42,3,65,6.2449979983984,4
43,3,68.3333333333333,10.0166528008778,4
44,3,66.3333333333333,6.35085296108588,4
45,3,71,9.8488578017961,4
46,3,69,6.08276253029822,4
47,3,63.6666666666667,8.7368949480541,4
48,3,69.6666666666667,10.0664459136943,4
49,3,74.3333333333333,10.0664459136943,4
50,3,71,11.2694276695846,4
51,3,75.6666666666667,6.80685928555405,4
52,3,71,9.53939201416946,4
53,3,65.3333333333333,14.8436293854749,4
54,3,69,6.557438524302,4
55,3,70,1.73205080756888,4
56,3,65.3333333333333,4.72581562625261,4
57,3,69.6666666666667,6.02771377334171,4
58,3,61.3333333333333,10.5039675043925,4
59,3,73.6666666666667,5.77350269189626,4
60,3,67.3333333333333,3.21455025366432,4
61,3,68.6666666666667,8.14452781524708,4
62,3,78,8.54400374531753,4
63,3,78.6666666666667,11.5902257671425,4
64,3,76.6666666666667,9.50438495292217,4
65,3,76,13.076696830622,4
66,3,78,11.7898261225516,4
67,3,72.6666666666667,15.0111069989303,4
68,3,67.6666666666667,10.0166528008778,4
69,3,72,10.1488915650922,4
70,3,73.6666666666667,10.0664459136943,4
71,3,70.6666666666667,10.5039675043925,4
72,3,70.6666666666667,10.785793124909,4
1,3,60.6666666666667,12.5830573921179,5
2,3,64.6666666666667,6.11010092660779,5
3,3,65.6666666666667,12.0968315410827,5
4,3,60.3333333333333,9.60902353693305,5
5,3,68,10.5356537528527,5
6,3,66.6666666666667,7.57187779440037,5
7,3,64.3333333333333,9.29157324317757,5
8,3,61.6666666666667,7.02376916856849,5
9,3,66,8.18535277187245,5
10,3,64.6666666666667,7.57187779440037,5
11,3,67.3333333333333,9.50438495292217,5
12,3,62.6666666666667,6.80685928555405,5
13,3,70,8.18535277187245,5
14,3,70.3333333333333,9.45163125250522,5
15,3,72.3333333333333,8.08290376865476,5
16,3,71.3333333333333,10.4083299973307,5
17,3,72.3333333333333,9.23760430703401,5
18,3,71.3333333333333,9.07377172587747,5
19,3,71.6666666666667,13.0128141972954,5
20,3,72.3333333333333,14.5716619962629,5
21,3,70,15.7162336455017,5
22,3,70,10.5830052442584,5
23,3,66.6666666666667,9.45163125250522,5
24,3,66.6666666666667,11.3724814061547,5
25,3,65.3333333333333,10.2632028788938,5
26,3,65.6666666666667,7.50555349946514,5
27,3,66.6666666666667,14.742229591664,5
28,3,63,18.5202591774521,5
29,3,62.6666666666667,16.0104132780304,5
30,3,69,14.1067359796659,5
31,3,68,12.5299640861417,5
32,3,71,12.7671453348037,5
33,3,68.3333333333333,12.2202018532156,5
34,3,74,13.076696830622,5
35,3,71.3333333333333,10.5987420637231,5
36,3,68,6.08276253029822,5
37,3,66.3333333333333,5.77350269189626,5
38,3,65.6666666666667,7.37111479583199,5
39,3,61.6666666666667,7.09459888459759,5
40,3,63.6666666666667,4.04145188432738,5
41,3,64.3333333333333,9.01849950564579,5
42,3,65,9.16515138991168,5
43,3,66.3333333333333,9.07377172587747,5
44,3,67.3333333333333,5.85946527708232,5
45,3,65.6666666666667,8.7368949480541,5
46,3,68.3333333333333,10.0166528008778,5
47,3,65.3333333333333,6.42910050732864,5
48,3,68.6666666666667,10.4083299973307,5
49,3,69.6666666666667,14.8436293854749,5
50,3,68,12.2882057274445,5
51,3,69.6666666666667,12.6622799421484,5
52,3,59.6666666666667,8.14452781524708,5
53,3,63.3333333333333,12.8970280814354,5
54,3,65,12.1243556529821,5
55,3,62,13,5
56,3,67,12.1655250605964,5
57,3,64,16.6433169770932,5
58,3,69,5.29150262212918,5
59,3,66.6666666666667,13.0511813003013,5
60,3,67.3333333333333,9.07377172587747,5
61,3,69.3333333333333,16.0104132780304,5
62,3,72.6666666666667,15.8850034099251,5
63,3,75,15.52417469626,5
64,3,72.3333333333333,13.6503968196288,5
65,3,78.6666666666667,22.7449628123093,5
66,3,76.6666666666667,11.9303534454489,5
67,3,69.3333333333333,13.6503968196288,5
68,3,67.6666666666667,10.785793124909,5
69,3,73,13.228756555323,5
70,3,70.6666666666667,13.5030860670194,5
71,3,68.6666666666667,21.1266025033211,5
72,3,68.6666666666667,14.5716619962629,5
1,3,67.3333333333333,10.2632028788938,6
2,3,69,2.64575131106459,6
3,3,67.6666666666667,4.50924975282289,6
4,3,70,4.58257569495584,6
5,3,74,3.46410161513775,6
6,3,73.6666666666667,6.11010092660779,6
7,3,71,2.64575131106459,6
8,3,72,6,6
9,3,70,11,6
10,3,72.3333333333333,3.51188458428425,6
11,3,65.6666666666667,3.51188458428425,6
12,3,67,4.35889894354067,6
13,3,72,2,6
14,3,70,3,6
15,3,68.6666666666667,8.50490054811538,6
16,3,72.6666666666667,3.21455025366432,6
17,3,72,4,6
18,3,71.6666666666667,5.68624070307733,6
19,3,74.6666666666667,7.37111479583199,6
20,3,77.6666666666667,3.78593889720018,6
21,3,72.6666666666667,1.52752523165195,6
22,3,68.3333333333333,0.577350269189626,6
23,3,70,2,6
24,3,72.3333333333333,6.65832811847939,6
25,3,75.3333333333333,4.61880215351701,6
26,3,73.6666666666667,7.76745346515403,6
27,3,70.6666666666667,1.15470053837925,6
28,3,66.3333333333333,5.5075705472861,6
29,3,69,2.64575131106459,6
30,3,68.6666666666667,1.15470053837925,6
31,3,70.3333333333333,0.577350269189626,6
32,3,70.6666666666667,6.65832811847939,6
33,3,68,2.64575131106459,6
34,3,73,4.58257569495584,6
35,3,69.6666666666667,4.72581562625261,6
36,3,65.3333333333333,2.51661147842358,6
37,3,68.6666666666667,4.72581562625261,6
38,3,66.6666666666667,2.51661147842358,6
39,3,69,6,6
40,3,64,4.35889894354067,6
41,3,64.6666666666667,3.78593889720018,6
42,3,63,1,6
43,3,70.6666666666667,3.21455025366432,6
44,3,67.6666666666667,5.5075705472861,6
45,3,70.6666666666667,1.15470053837925,6
46,3,68.6666666666667,1.52752523165195,6
47,3,69.3333333333333,5.5075705472861,6
48,3,75.3333333333333,4.04145188432738,6
49,3,75,1.73205080756888,6
50,3,74.6666666666667,3.05505046330389,6
51,3,75,6.557438524302,6
52,3,66.6666666666667,5.13160143944688,6
53,3,75.3333333333333,1.52752523165195,6
54,3,74.6666666666667,5.68624070307733,6
55,3,65,5,6
56,3,67.3333333333333,6.65832811847939,6
57,3,66,1,6
58,3,71,1,6
59,3,70.3333333333333,5.5075705472861,6
60,3,70,8,6
61,3,73.3333333333333,9.81495457622364,6
62,3,77.3333333333333,5.03322295684717,6
63,3,75.6666666666667,6.02771377334171,6
64,3,77,5.19615242270663,6
65,3,80.6666666666667,0.577350269189626,6
66,3,77,4,6
67,3,70.3333333333333,3.51188458428425,6
68,3,67.6666666666667,3.05505046330389,6
69,3,70.3333333333333,5.5075705472861,6
70,3,70.6666666666667,5.03322295684717,6
71,3,69.3333333333333,2.08166599946613,6
72,3,61.6666666666667,1.52752523165195,6
1,3,63.3333333333333,15.1437555888007,7
2,3,72.6666666666667,3.05505046330389,7
3,3,72,8.54400374531753,7
4,3,72,7.81024967590665,7
5,3,81.6666666666667,10.6926766215636,7
6,3,74,10.5830052442584,7
7,3,75,12.2882057274445,7
8,3,75,16.0934769394311,7
9,3,74.6666666666667,7.02376916856849,7
10,3,75.6666666666667,6.65832811847939,7
11,3,77.3333333333333,6.80685928555405,7
12,3,68.6666666666667,6.02771377334171,7
13,3,74.6666666666667,13.3166562369588,7
14,3,71.3333333333333,5.5075705472861,7
15,3,79,9.16515138991168,7
16,3,77.3333333333333,10.2632028788938,7
17,3,79.3333333333333,13.0511813003013,7
18,3,71,11.5325625946708,7
19,3,76.6666666666667,6.65832811847939,7
20,3,82,13,7
21,3,78.6666666666667,11.0151410945722,7
22,3,78,9.16515138991168,7
23,3,75.6666666666667,13.4288247189891,7
24,3,79.3333333333333,10.6926766215636,7
25,3,76,16.8226038412607,7
26,3,76,14.9331845230681,7
27,3,73.3333333333333,17.0977581376429,7
28,3,66.3333333333333,17.6162803489651,7
29,3,70,9.8488578017961,7
30,3,70.3333333333333,9.45163125250522,7
31,3,75,9,7
32,3,77.3333333333333,7.09459888459759,7
33,3,74.3333333333333,12.0968315410827,7
34,3,75.6666666666667,8.9628864398325,7
35,3,74.3333333333333,10.9696551146029,7
36,3,73.3333333333333,8.50490054811538,7
37,3,74,11.2694276695846,7
38,3,72.6666666666667,11.5470053837925,7
39,3,71,12.5299640861417,7
40,3,76.6666666666667,8.50490054811538,7
41,3,72.6666666666667,6.50640709864771,7
42,3,71,12.5299640861417,7
43,3,78.6666666666667,6.35085296108588,7
44,3,73.3333333333333,9.29157324317757,7
45,3,78.3333333333333,0.577350269189626,7
46,3,74.3333333333333,3.05505046330389,7
47,3,72,8.88819441731559,7
48,3,82.3333333333333,7.76745346515403,7
49,3,79.3333333333333,8.38649708360608,7
50,3,81.6666666666667,7.37111479583199,7
51,3,77.3333333333333,9.07377172587747,7
52,3,67.6666666666667,17.5594229214212,7
53,3,81.6666666666667,14.2243921955679,7
54,3,77.6666666666667,13.8684293751431,7
55,3,77,9.53939201416946,7
56,3,72.3333333333333,13.6503968196288,7
57,3,71.3333333333333,16.2583311976763,7
58,3,76,10.1488915650922,7
59,3,76.6666666666667,4.04145188432738,7
60,3,78.6666666666667,9.07377172587747,7
61,3,86.6666666666667,9.29157324317757,7
62,3,84,15.1327459504216,7
63,3,86.3333333333333,15.2752523165195,7
64,3,86,20.8086520466848,7
65,3,83.3333333333333,17.3877351409933,7
66,3,87,22.6053091109146,7
67,3,82,16.6433169770932,7
68,3,77.6666666666667,17.5594229214212,7
69,3,81.3333333333333,19.2959408512084,7
70,3,78.3333333333333,18.6100331362771,7
71,3,78,19.672315572906,7
72,3,79.3333333333333,19.7568553503166,7
1,3,62.3333333333333,4.04145188432738,8
2,3,69,4.35889894354067,8
3,3,68,5.19615242270663,8
4,3,65.6666666666667,8.08290376865476,8
5,3,73.3333333333333,9.45163125250522,8
6,3,64,1.73205080756888,8
7,3,68,7.93725393319377,8
8,3,69.6666666666667,6.42910050732864,8
9,3,70.3333333333333,11.0151410945722,8
10,3,69.6666666666667,9.71253485622231,8
11,3,70.6666666666667,4.93288286231625,8
12,3,68.6666666666667,7.57187779440037,8
13,3,71.6666666666667,5.68624070307733,8
14,3,70.3333333333333,7.23417813807024,8
15,3,71.6666666666667,8.32666399786453,8
16,3,76.3333333333333,4.61880215351701,8
17,3,78.6666666666667,2.51661147842358,8
18,3,67.6666666666667,1.52752523165195,8
19,3,66,1.73205080756888,8
20,3,69.3333333333333,3.05505046330389,8
21,3,69.3333333333333,6.50640709864771,8
22,3,70.3333333333333,5.68624070307733,8
23,3,70.3333333333333,3.78593889720018,8
24,3,71,4.58257569495584,8
25,3,68.3333333333333,6.80685928555405,8
26,3,69,2,8
27,3,70.6666666666667,5.13160143944688,8
28,3,67,10.1488915650922,8
29,3,62.3333333333333,10.785793124909,8
30,3,60.6666666666667,8.50490054811538,8
31,3,64.6666666666667,9.60902353693305,8
32,3,61.3333333333333,7.02376916856849,8
33,3,63.3333333333333,5.68624070307733,8
34,3,69.3333333333333,5.5075705472861,8
35,3,68,6.557438524302,8
36,3,61.3333333333333,7.23417813807024,8
37,3,60.6666666666667,9.23760430703401,8
38,3,59.6666666666667,4.93288286231625,8
39,3,62.6666666666667,2.08166599946613,8
40,3,64.3333333333333,9.29157324317757,8
41,3,65.6666666666667,3.21455025366432,8
42,3,64,3.60555127546399,8
43,3,68.6666666666667,2.08166599946613,8
44,3,69.3333333333333,3.05505046330389,8
45,3,71.3333333333333,4.16333199893227,8
46,3,68.3333333333333,2.3094010767585,8
47,3,61,2.64575131106459,8
48,3,66.6666666666667,4.16333199893227,8
49,3,63.6666666666667,7.09459888459759,8
50,3,66.6666666666667,3.51188458428425,8
51,3,64,6.2449979983984,8
52,3,60.3333333333333,8.32666399786453,8
53,3,61.6666666666667,14.9777612924406,8
54,3,59,5.56776436283002,8
55,3,64,7,8
56,3,61.6666666666667,8.32666399786453,8
57,3,59.3333333333333,6.80685928555405,8
58,3,67,12.2882057274445,8
59,3,68,3.60555127546399,8
60,3,71.6666666666667,8.50490054811538,8
61,3,71,5.19615242270663,8
62,3,74.3333333333333,4.93288286231625,8
63,3,70.3333333333333,5.03322295684717,8
64,3,74.3333333333333,0.577350269189626,8
65,3,70.3333333333333,5.5075705472861,8
66,3,77,1,8
67,3,76,2,8
68,3,74.6666666666667,5.85946527708232,8
69,3,75,5.19615242270663,8
70,3,73.3333333333333,6.02771377334171,8
71,3,70.6666666666667,7.57187779440037,8
72,3,71,5.29150262212918,8
