RowNr,N,Mean,SD,Instance
1,3,1.15868864468864,0.115940835754174,1
2,3,1.19537240537241,0.0186483345001239,1
3,3,1.07853235653236,0.0734089879678362,1
4,3,1.10689377289377,0.187915260060766,1
5,3,0.670297924297924,0.284374080965572,1
6,3,0.252612942612943,0.142386235853938,1
7,3,0.217728937728938,0.0958164742455111,1
8,3,0.310168498168498,0.156562157325844,1
9,3,1.13540903540904,0.17186823075567,1
10,3,1.21404151404151,0.00563785331727853,1
11,3,1.10300366300366,0.0987205515229733,1
12,3,1.00596336996337,0.111609029445875,1
13,3,0.982571428571429,0.0787974814565811,1
14,3,1.10492796092796,0.195721724882195,1
15,3,1.02576800976801,0.005037616065098,1
16,3,1.35080586080586,0.097450376241156,1
17,3,0.915660561660562,0.20354497809912,1
18,3,0.249267399267399,0.104935695649242,1
19,3,0.20557264957265,0.0689964759761619,1
20,3,0.303189255189255,0.134404629384843,1
21,3,1.09216361416361,0.13479402172994,1
22,3,1.13916971916972,0.150838493922986,1
23,3,1.10474236874237,0.104007948417652,1
24,3,1.03674236874237,0.0733832171377909,1
25,3,0.982544566544566,0.266167088427915,1
26,3,0.392014652014652,0.20958669872544,1
27,3,0.736942612942613,0.672956996969296,1
28,3,1.95092307692308,0.795519069790946,1
29,3,0.277238095238095,0.0377211393484011,1
30,3,0.191382173382173,0.0104451506999722,1
31,3,0.241570207570208,0.0487125813415748,1
32,3,0.270236874236874,0.0319668223306866,1
33,3,1.69905006105006,0.143555144656673,1
34,3,1.66869352869353,0.260172981277233,1
35,3,1.51416117216117,0.304398852770473,1
36,3,0.380083028083028,0.110225969130379,1
37,3,0.357435897435897,0.116674274195472,1
38,3,0.326669108669109,0.0630026068287541,1
39,3,0.349777777777778,0.0832274883365755,1
40,3,1.099221001221,0.160054672449669,1
41,3,1.10357997557998,0.189732185343745,1
42,3,1.04776556776557,0.0283568536929593,1
43,3,1.01892796092796,0.152677462352096,1
44,3,1.01009768009768,0.0700629704836703,1
45,3,1.13273748473748,0.0273357526478747,1
46,3,0.95189010989011,0.0766926032758566,1
47,3,0.823240537240537,0.193070432457978,1
48,3,0.19615873015873,0.0512368855701899,1
49,3,0.213724053724054,0.0605910559248578,1
50,3,0.175941391941392,0.00400128788187022,1
51,3,0.207824175824176,0.022111162050719,1
52,3,1.85329181929182,0.356411987115678,1
53,3,0.25590231990232,0.058891421823347,1
54,3,0.247484737484738,0.109294799798232,1
55,3,0.206710622710623,0.057513015432531,1
56,3,0.237929181929182,0.0316308129849795,1
57,3,1.86961660561661,0.406216800890126,1
58,3,0.21170695970696,0.0153469834531845,1
59,3,0.307037851037851,0.0867805571770774,1
60,3,0.355318681318681,0.0226747595839223,1
61,3,0.288009768009768,0.081194021643905,1
62,3,0.303789987789988,0.039809257767883,1
63,3,0.417003663003663,0.123473630889313,1
64,3,0.337096459096459,0.0355049715483193,1
65,3,0.417115995115995,0.172821151062914,1
66,3,1.70257631257631,0.262102208760492,1
67,3,1.74879365079365,0.300224652594851,1
68,3,1.72389010989011,0.272168925293459,1
69,3,1.65905006105006,0.165209221544699,1
70,3,1.6381978021978,0.255033384134387,1
71,3,1.21398046398046,0.779133883220705,1
72,3,2.10199755799756,0.784365016207613,1
1,3,1.09977777777778,0.229260001195473,2
2,3,0.993777777777778,0.134298727276725,2
3,3,1.16511111111111,0.264798735590581,2
4,3,1.09866666666667,0.0338427737239921,2
5,3,0.743333333333333,0.218809912430351,2
6,3,0.160666666666667,0.0128754719438853,2
7,3,0.171777777777778,0.0333088799193471,2
8,3,0.163111111111111,0.0258657502701359,2
9,3,1.08155555555556,0.202962868342773,2
10,3,1.12488888888889,0.116697773630735,2
11,3,1.00777777777778,0.0811263303834303,2
12,3,0.934222222222222,0.088318447383025,2
13,3,0.993111111111111,0.125468603125923,2
14,3,1.17844444444444,0.152120322746807,2
15,3,1.05511111111111,0.137955441007971,2
16,3,1.22377777777778,0.127743377011767,2
17,3,0.973333333333333,0.0702376916856849,2
18,3,0.200444444444444,0.0752516764917222,2
19,3,0.201111111111111,0.0585314097380708,2
20,3,0.221111111111111,0.0763277533137582,2
21,3,1.12866666666667,0.155187341980946,2
22,3,1.06777777777778,0.145767445433293,2
23,3,1.16222222222222,0.0234125638952284,2
24,3,0.871111111111111,0.351841715253596,2
25,3,0.951333333333333,0.353444636557285,2
26,3,0.408666666666667,0.366858737572561,2
27,3,0.871777777777778,0.87584786434716,2
28,3,2.14044444444444,0.868067159033558,2
29,3,0.216222222222222,0.0884089822820518,2
30,3,0.166222222222222,0.0337067967648685,2
31,3,0.183777777777778,0.0122262619586479,2
32,3,0.263111111111111,0.0586717169543416,2
33,3,1.90644444444444,0.237328027406357,2
34,3,1.76266666666667,0.273242261250586,2
35,3,1.70088888888889,0.289152273096784,2
36,3,0.275333333333333,0.0355715241918776,2
37,3,0.250888888888889,0.0498456878033857,2
38,3,0.291777777777778,0.033308879919347,2
39,3,0.265111111111111,0.0810660453192562,2
40,3,1.33088888888889,0.391197780801098,2
41,3,1.20266666666667,0.176242257513155,2
42,3,1.072,0.118334741775656,2
43,3,1.06733333333333,0.10488724104167,2
44,3,1.04977777777778,0.0992982786766626,2
45,3,1.20644444444444,0.170385619285371,2
46,3,1.00222222222222,0.0254587538608658,2
47,3,1.01111111111111,0.244047657762289,2
48,3,0.194444444444444,0.0885897745123451,2
49,3,0.207555555555556,0.0703809738599963,2
50,3,0.182222222222222,0.059845480042201,2
51,3,0.240888888888889,0.0732433791724043,2
52,3,1.92622222222222,0.220566274578598,2
53,3,0.228888888888889,0.0342106762629792,2
54,3,0.261555555555556,0.0847908101239838,2
55,3,0.203333333333333,0.0404145188432738,2
56,3,0.261333333333333,0.0617233973285478,2
57,3,2.17933333333333,0.332748153012655,2
58,3,0.183555555555556,0.0356547228184326,2
59,3,0.223555555555556,0.0720195446723653,2
60,3,0.185555555555556,0.0320300784564435,2
61,3,0.218888888888889,0.0455013227320962,2
62,3,0.238,0.0600259203270646,2
63,3,0.279111111111111,0.0481909781014078,2
64,3,0.317555555555556,0.0150603723332066,2
65,3,0.374666666666667,0.0779943017861633,2
66,3,1.82088888888889,0.181891705672888,2
67,3,1.77333333333333,0.203059925473574,2
68,3,1.78955555555556,0.223205270082479,2
69,3,1.82422222222222,0.290861046116781,2
70,3,1.17555555555556,0.744329178472755,2
71,3,1.08266666666667,0.741512867948584,2
72,3,1.462,0.974336697451143,2
1,3,1.11934065934066,0.128756464953175,3
2,3,1.02575091575092,0.0832142771483308,3
3,3,1.0196336996337,0.0687284624524228,3
4,3,1.16715506715507,0.0729885842562317,3
5,3,0.846971916971917,0.382993843837276,3
6,3,0.192173382173382,0.0550691191926278,3
7,3,0.161721611721612,0.019249737723422,3
8,3,0.148730158730159,0.0190257811323119,3
9,3,1.10029304029304,0.0320772683770543,3
10,3,1.03905982905983,0.118772577931372,3
11,3,1.11247863247863,0.12795419887889,3
12,3,1.08304029304029,0.165419919239891,3
13,3,1.17561660561661,0.0531155024693854,3
14,3,1.13887667887668,0.250101567564154,3
15,3,0.958559218559219,0.0686046197704397,3
16,3,1.14205128205128,0.033098780295771,3
17,3,0.820610500610501,0.277055016181534,3
18,3,0.196605616605617,0.048099524892487,3
19,3,0.202710622710623,0.0300193821648433,3
20,3,0.253150183150183,0.0321147670585728,3
21,3,1.07019536019536,0.065619930681757,3
22,3,1.02520146520147,0.0487345946389334,3
23,3,1.07794871794872,0.0960224743581108,3
24,3,1.03467643467643,0.0945933539216385,3
25,3,0.923760683760684,0.184246307239296,3
26,3,0.54037851037851,0.16186471391281,3
27,3,1.47449328449328,0.20550573687528,3
28,3,2.16555555555556,0.205273079182432,3
29,3,0.148290598290598,0.04515175182124,3
30,3,0.168717948717949,0.0378342000439438,3
31,3,0.188046398046398,0.0353955028664842,3
32,3,0.246361416361416,0.0883648014839912,3
33,3,2.1928083028083,0.34264873117886,3
34,3,1.55868131868132,0.207544727301991,3
35,3,1.57661782661783,0.0951183689071046,3
36,3,0.177509157509158,0.0714992418314436,3
37,3,0.163284493284493,0.0233857564114903,3
38,3,0.167728937728938,0.0237141227626825,3
39,3,0.26984126984127,0.157918240947286,3
40,3,1.03830280830281,0.117747879959229,3
41,3,1.05258852258852,0.201060567125491,3
42,3,1.00230769230769,0.0916547419175698,3
43,3,1.03494505494506,0.116419845754273,3
44,3,1.00783882783883,0.12345393481859,3
45,3,1.10981684981685,0.146011199403123,3
46,3,1.03431013431013,0.09189661017997,3
47,3,0.888473748473749,0.272254018972038,3
48,3,0.14006105006105,0.0264923136619164,3
49,3,0.151623931623932,0.0570593963306734,3
50,3,0.136178266178266,0.0252771229242679,3
51,3,0.15995115995116,0.0290930438842201,3
52,3,1.98992673992674,0.100279908541836,3
53,3,0.149181929181929,0.0413750870631138,3
54,3,0.15984126984127,0.0290059550275407,3
55,3,0.163174603174603,0.0436989633208121,3
56,3,0.216166056166056,0.0990160120184547,3
57,3,2.02590964590965,0.216685567106338,3
58,3,0.147069597069597,0.0267717458333993,3
59,3,0.182515262515263,0.0907030222463434,3
60,3,0.206739926739927,0.118422750031599,3
61,3,0.254847374847375,0.209632308588029,3
62,3,0.228608058608059,0.123752186693032,3
63,3,0.281477411477411,0.1667214671946,3
64,3,0.29023199023199,0.133867666666727,3
65,3,0.30979242979243,0.134500413554774,3
66,3,1.71346764346764,0.47678261906161,3
67,3,1.68520146520147,0.326976892996201,3
68,3,1.66186813186813,0.349253476886847,3
69,3,1.54398046398046,0.162875672405218,3
70,3,1.50162393162393,0.357535792733664,3
71,3,1.4084126984127,0.338736592670334,3
72,3,2.24810744810745,0.168683404048364,3
1,3,1.04933333333333,0.156017093080641,4
2,3,0.894666666666667,0.0323316150746191,4
3,3,0.925555555555556,0.100461896222362,4
4,3,0.920222222222222,0.0219122830428084,4
5,3,0.304666666666667,0.113742399013443,4
6,3,0.160888888888889,0.00781262036944309,4
7,3,0.199777777777778,0.0493978557039488,4
8,3,0.220222222222222,0.0795161292745995,4
9,3,0.985555555555556,0.135003429311725,4
10,3,0.944666666666667,0.14607304109018,4
11,3,0.984888888888889,0.113076833924418,4
12,3,0.918888888888889,0.131416781159677,4
13,3,0.882888888888889,0.122282611343711,4
14,3,0.988888888888889,0.0789749139729639,4
15,3,0.888222222222222,0.10493242975751,4
16,3,0.956888888888889,0.0735914648835291,4
17,3,0.462666666666667,0.363016987664948,4
18,3,0.192666666666667,0.0637599665411874,4
19,3,0.211333333333333,0.061133733186624,4
20,3,0.217333333333333,0.140930242791721,4
21,3,1.01711111111111,0.137718446006228,4
22,3,0.981111111111111,0.203472447857289,4
23,3,1.02533333333333,0.0948542741964395,4
24,3,0.629555555555556,0.407799696655837,4
25,3,0.905111111111111,0.201682184894213,4
26,3,0.300222222222222,0.132766015285595,4
27,3,0.455777777777778,0.0675486107541437,4
28,3,2.008,0.38725702059485,4
29,3,0.269777777777778,0.0884466778054146,4
30,3,0.306,0.044226688774992,4
31,3,0.255555555555556,0.0972724314794584,4
32,3,0.301333333333333,0.0940070919310524,4
33,3,1.86022222222222,0.29681444509123,4
34,3,1.46866666666667,0.441888372027748,4
35,3,1.49911111111111,0.507414068623483,4
36,3,0.261777777777778,0.0932602888773216,4
37,3,0.293777777777778,0.0511613279878609,4
38,3,0.275555555555556,0.0729606692626874,4
39,3,0.318888888888889,0.0416777762966912,4
40,3,1.04733333333333,0.107150983818784,4
41,3,0.987555555555556,0.020014809331907,4
42,3,0.921111111111111,0.0583412693014448,4
43,3,0.878444444444444,0.0770752398153427,4
44,3,0.879777777777778,0.034643154419714,4
45,3,0.989111111111111,0.0436161709732798,4
46,3,0.858,0.114594938806214,4
47,3,0.408666666666667,0.349424288413575,4
48,3,0.23,0.026,4
49,3,0.266222222222222,0.102392129327152,4
50,3,0.217777777777778,0.096049370021263,4
51,3,0.235111111111111,0.0913146777378663,4
52,3,1.69666666666667,0.217295497729091,4
53,3,0.191111111111111,0.0426736105460627,4
54,3,0.324,0.0693974062915899,4
55,3,0.206222222222222,0.0743604833327587,4
56,3,0.205555555555556,0.0271156644628019,4
57,3,1.83666666666667,0.29022979401387,4
58,3,0.243777777777778,0.060642241725397,4
59,3,0.326222222222222,0.0393803861689397,4
60,3,0.237333333333333,0.104025637865544,4
61,3,0.265333333333333,0.0948542741964395,4
62,3,0.329555555555556,0.0118571747306259,4
63,3,0.342666666666667,0.0151437555888007,4
64,3,0.303333333333333,0.0299555225848813,4
65,3,0.298888888888889,0.0548060553561712,4
66,3,1.68711111111111,0.224682821707336,4
67,3,1.66333333333333,0.221217841354022,4
68,3,1.69088888888889,0.20855303970542,4
69,3,1.68488888888889,0.201334804998301,4
70,3,1.16266666666667,0.489642046124854,4
71,3,1.08444444444444,0.56490287595237,4
72,3,1.84822222222222,0.0431757819633662,4
1,3,1.10010012210012,0.0655762903306109,5
2,3,1.09767032967033,0.105636827074614,5
3,3,1.0454358974359,0.0707742101555551,5
4,3,1.23960927960928,0.0937534702105813,5
5,3,0.631125763125763,0.347444980510668,5
6,3,0.245692307692308,0.0768956019309181,5
7,3,0.257687423687424,0.0798446297926501,5
8,3,0.287023199023199,0.116426609762278,5
9,3,1.04055677655678,0.0394164030972559,5
10,3,1.14765567765568,0.102421257146105,5
11,3,1.07029792429792,0.034837107084539,5
12,3,1.04042735042735,0.155284797704037,5
13,3,1.12565811965812,0.0869559779399666,5
14,3,1.25813431013431,0.0099321460032534,5
15,3,1.01333333333333,0.0230940107675851,5
16,3,1.23207814407814,0.170324802850351,5
17,3,0.767240537240537,0.426108565215284,5
18,3,0.254029304029304,0.0588077527416888,5
19,3,0.194358974358974,0.0585851145565174,5
20,3,0.189069597069597,0.0561363561119907,5
21,3,1.07130158730159,0.134276437819858,5
22,3,1.06332600732601,0.073336497866021,5
23,3,1.02422710622711,0.0393336239710304,5
24,3,1.00597313797314,0.0664110647041049,5
25,3,1.05845421245421,0.100440245213184,5
26,3,0.236490842490842,0.0502396692500462,5
27,3,0.279365079365079,0.0698383837787532,5
28,3,1.29061294261294,0.903977551054353,5
29,3,0.272444444444444,0.0557188710635148,5
30,3,0.22770695970696,0.0157986023172385,5
31,3,0.228695970695971,0.0149414040645911,5
32,3,0.301455433455434,0.0220202102207128,5
33,3,2.03971672771673,0.317322969706238,5
34,3,1.52229792429792,0.13947842000333,5
35,3,1.35745299145299,0.0693484343540588,5
36,3,0.337123321123321,0.0959467468183834,5
37,3,0.326007326007326,0.133935764184925,5
38,3,0.280151404151404,0.0882790027286486,5
39,3,0.509452991452991,0.409184774528982,5
40,3,1.25605128205128,0.105713405625127,5
41,3,1.15634188034188,0.162435970965789,5
42,3,1.13288644688645,0.12807359511131,5
43,3,1.06133333333333,0.0715914333795135,5
44,3,1.092778998779,0.0968338519127862,5
45,3,1.29272283272283,0.116665702512582,5
46,3,0.956586080586081,0.0671818551078439,5
47,3,0.940398046398047,0.117561244732165,5
48,3,0.170947496947497,0.0281819002716779,5
49,3,0.25015873015873,0.0952444442328183,5
50,3,0.174952380952381,0.0478913168673875,5
51,3,0.215826617826618,0.0709326828442958,5
52,3,1.6748547008547,0.230634435465965,5
53,3,0.192578754578755,0.0620205073514056,5
54,3,0.170368742368742,0.0538363876086819,5
55,3,0.181943833943834,0.0272769845089595,5
56,3,0.171936507936508,0.0185715099713316,5
57,3,2.05934798534799,0.448023204591945,5
58,3,0.208371184371184,0.0145396817193928,5
59,3,0.331736263736264,0.111990029324081,5
60,3,0.250039072039072,0.0880455520278416,5
61,3,0.326224664224664,0.0903335294231143,5
62,3,0.340671550671551,0.0207875484769756,5
63,3,0.41021978021978,0.0886227457478111,5
64,3,0.300698412698413,0.0548029935568914,5
65,3,0.42991452991453,0.24749864135175,5
66,3,1.58584371184371,0.166658988887814,5
67,3,1.56794139194139,0.120604462745538,5
68,3,1.4618021978022,0.289357969216411,5
69,3,1.20725763125763,0.27502819942127,5
70,3,1.15853235653236,0.445061645758709,5
71,3,0.582029304029304,0.312887919151612,5
72,3,0.928683760683761,0.661440981355697,5
1,3,0.981062271062271,0.132688570061396,6
2,3,0.948498168498169,0.0889084864816359,6
3,3,1.05866910866911,0.13922791345277,6
4,3,1.11968253968254,0.0680451744050678,6
5,3,0.547460317460318,0.428968158524577,6
6,3,0.212417582417582,0.0611743874482476,6
7,3,0.168095238095238,0.0614027261982764,6
8,3,0.192759462759463,0.0513377031014788,6
9,3,1.00664224664225,0.0810893818044133,6
10,3,1.01932844932845,0.0796827183608814,6
11,3,1.03277167277167,0.045593513174613,6
12,3,1.02484737484737,0.11520369753501,6
13,3,0.984102564102564,0.0870413841343687,6
14,3,1.126336996337,0.131833547560937,6
15,3,0.95967032967033,0.0696520218759236,6
16,3,1.0991452991453,0.0286589561287691,6
17,3,0.55973137973138,0.325538456372645,6
18,3,0.184871794871795,0.014002403460146,6
19,3,0.18997557997558,0.0283560098616164,6
20,3,0.236862026862027,0.0543521160791776,6
21,3,1.03871794871795,0.0899030279906918,6
22,3,0.969560439560439,0.0965983654813154,6
23,3,1.10907203907204,0.111729996282585,6
24,3,0.954420024420024,0.161217094691047,6
25,3,0.91995115995116,0.0359169666039393,6
26,3,0.378681318681319,0.184408614366821,6
27,3,1.14437118437118,0.645963945636926,6
28,3,2.09830280830281,0.561650634700191,6
29,3,0.203540903540904,0.0691001474616804,6
30,3,0.225763125763126,0.0673737144319671,6
31,3,0.228424908424908,0.0661117670478888,6
32,3,0.245201465201465,0.0871710834130973,6
33,3,2.41759462759463,0.537509936755999,6
34,3,1.63135531135531,0.022349966260124,6
35,3,1.52046398046398,0.230973876738788,6
36,3,0.238754578754579,0.0682240897774019,6
37,3,0.216336996336996,0.0966651884064432,6
38,3,0.233663003663004,0.109566819932691,6
39,3,0.259218559218559,0.154349574623413,6
40,3,1.07538461538462,0.082588280698512,6
41,3,0.96989010989011,0.0490138361060289,6
42,3,0.991672771672772,0.0677808252632052,6
43,3,1.04705738705739,0.068660610634781,6
44,3,1.07334554334554,0.130030523167407,6
45,3,1.39090354090354,0.421694152352337,6
46,3,0.980671550671551,0.0587463607807417,6
47,3,0.692930402930403,0.153390512257529,6
48,3,0.16043956043956,0.051454445971144,6
49,3,0.181648351648352,0.0556588916713947,6
50,3,0.179450549450549,0.0421866559098584,6
51,3,0.24031746031746,0.0864052899654067,6
52,3,2.02470085470085,0.208078522538311,6
53,3,0.14990231990232,0.0157796965662873,6
54,3,0.253211233211233,0.125747673813953,6
55,3,0.204908424908425,0.117121688154548,6
56,3,0.207789987789988,0.103745429463387,6
57,3,2.09642246642247,0.112859374005771,6
58,3,0.214444444444444,0.0843792300498796,6
59,3,0.272612942612943,0.120046395413592,6
60,3,0.237338217338217,0.137177806458565,6
61,3,0.24989010989011,0.152730351047052,6
62,3,0.248778998778999,0.146131390552929,6
63,3,0.278192918192918,0.124385191652564,6
64,3,0.33037851037851,0.1175254693796,6
65,3,0.354261294261294,0.142547166911237,6
66,3,1.68837606837607,0.563896495986499,6
67,3,1.7078021978022,0.637111426852756,6
68,3,1.62247863247863,0.74315621019432,6
69,3,1.64777777777778,0.70898761732761,6
70,3,1.51438339438339,0.676709230502637,6
71,3,1.29150183150183,0.70309033526,6
72,3,1.83753357753358,1.10960812272288,6
1,3,1.12402442002442,0.0721836603672831,7
2,3,1.1324884004884,0.0960602734183206,7
3,3,1.08548473748474,0.0421161611878339,7
4,3,0.948786324786325,0.0807378728038449,7
5,3,0.322432234432235,0.207723306147798,7
6,3,0.192991452991453,0.0465899700009695,7
7,3,0.240175824175824,0.0826956539792431,7
8,3,0.190759462759463,0.0443441264753641,7
9,3,1.07250305250305,0.108599758365221,7
10,3,1.05264468864469,0.108078793172781,7
11,3,0.930261294261294,0.0206238769386762,7
12,3,0.967663003663004,0.0843487825450196,7
13,3,0.95023199023199,0.0660065264567339,7
14,3,0.952029304029304,0.0699435800405984,7
15,3,0.943692307692308,0.0522487575977085,7
16,3,1.15728449328449,0.211482281214111,7
17,3,0.407579975579976,0.144962860720892,7
18,3,0.205748473748474,0.0124553012524136,7
19,3,0.183882783882784,0.0177646236673731,7
20,3,0.172669108669109,0.0261943656870937,7
21,3,0.99396336996337,0.16330045466894,7
22,3,0.995003663003663,0.0457956751757664,7
23,3,1.02997802197802,0.0661370063631175,7
24,3,0.881294261294261,0.116849020708377,7
25,3,0.766168498168498,0.118185136526242,7
26,3,0.455452991452992,0.187710839307465,7
27,3,0.745728937728938,0.617692506102259,7
28,3,1.63769963369963,0.761122250599719,7
29,3,0.16756043956044,0.0152605357446461,7
30,3,0.229313797313797,0.067425701669718,7
31,3,0.186998778998779,0.0410399800512821,7
32,3,0.20821978021978,0.0668681301625426,7
33,3,1.87280097680098,0.189104753034661,7
34,3,1.63624908424908,0.36304053600849,7
35,3,1.39862759462759,0.267649928310747,7
36,3,0.244542124542125,0.101652991347103,7
37,3,0.218114774114774,0.102888821742928,7
38,3,0.227868131868132,0.0597545588823371,7
39,3,0.228444444444444,0.107143226907307,7
40,3,1.06940170940171,0.0975025614943438,7
41,3,0.972517704517705,0.150923664455796,7
42,3,0.944224664224664,0.11625026369273,7
43,3,0.906695970695971,0.101610186677469,7
44,3,0.928336996336996,0.11578651374528,7
45,3,1.00203174603175,0.20505502898513,7
46,3,0.907692307692308,0.113169623029302,7
47,3,0.618925518925519,0.320710631440627,7
48,3,0.174002442002442,0.0277272734398117,7
49,3,0.150676434676435,0.0239220797793419,7
50,3,0.159448107448107,0.0440573590220288,7
51,3,0.223516483516484,0.0568581712829638,7
52,3,1.71370451770452,0.121943340906378,7
53,3,0.159335775335775,0.0281975170105721,7
54,3,0.241763125763126,0.104451241862782,7
55,3,0.18245177045177,0.046410279731663,7
56,3,0.224669108669109,0.107574379460609,7
57,3,1.72556288156288,0.179468884667281,7
58,3,0.172669108669109,0.0176196512554647,7
59,3,0.151013431013431,0.00860153547036522,7
60,3,0.179897435897436,0.0474414315014756,7
61,3,0.21621978021978,0.0883006030444158,7
62,3,0.230002442002442,0.118462663257323,7
63,3,0.248092796092796,0.0940942710998909,7
64,3,0.283599511599512,0.0491006398379818,7
65,3,0.209089133089133,0.076856751916953,7
66,3,1.75763614163614,0.362038985455905,7
67,3,1.74160683760684,0.434822560064839,7
68,3,1.76332112332112,0.523388859150776,7
69,3,1.45361660561661,0.480773652605981,7
70,3,1.26184615384615,0.442843883857905,7
71,3,1.06984126984127,0.655401473883508,7
72,3,1.67111111111111,1.1685235252415,7
1,3,1.02515262515263,0.144688799245679,8
2,3,0.986959706959707,0.153648084603224,8
3,3,1.07401709401709,0.134397203435115,8
4,3,1.09289377289377,0.145943407029992,8
5,3,0.865897435897436,0.23623012226452,8
6,3,0.167240537240537,0.0498052175243478,8
7,3,0.165897435897436,0.0235893738737437,8
8,3,0.217875457875458,0.0542979229250873,8
9,3,1.01006105006105,0.112770107510219,8
10,3,0.934004884004884,0.105758777742249,8
11,3,1.02506715506716,0.08740802019899,8
12,3,0.97956043956044,0.0943498448476325,8
13,3,0.978730158730159,0.183937214968808,8
14,3,1.09465201465201,0.182473357464695,8
15,3,1.12417582417582,0.349990943005627,8
16,3,1.17426129426129,0.196634258228284,8
17,3,0.863968253968254,0.216295513257159,8
18,3,0.223076923076923,0.0792538903671107,8
19,3,0.206959706959707,0.068209613368264,8
20,3,0.195543345543346,0.0191006704617498,8
21,3,1.02028083028083,0.17962669442587,8
22,3,1.01072039072039,0.133387469051291,8
23,3,1.06301587301587,0.160056244782344,8
24,3,0.895775335775336,0.480346146067927,8
25,3,1.05979242979243,0.154008445418943,8
26,3,0.46030525030525,0.231575428595905,8
27,3,0.822039072039072,0.703861864966765,8
28,3,2.16592185592186,0.10272123189692,8
29,3,0.179023199023199,0.0845803436104577,8
30,3,0.273223443223443,0.223702314807912,8
31,3,0.21954822954823,0.0944346238322457,8
32,3,0.265616605616606,0.110576035888315,8
33,3,2.0521978021978,0.0291174232519867,8
34,3,2.02338217338217,0.129640879156676,8
35,3,1.46879120879121,0.620226689957867,8
36,3,0.185445665445665,0.0566260717912872,8
37,3,0.220671550671551,0.108863805364139,8
38,3,0.158009768009768,0.0293694401225741,8
39,3,0.19,0.0436467598911499,8
40,3,1.14494505494506,0.292898195859423,8
41,3,1.1,0.141866103156788,8
42,3,1.01385836385836,0.0617507711832749,8
43,3,1.02431013431013,0.0458747935539503,8
44,3,1.02095238095238,0.100443487872172,8
45,3,1.09724053724054,0.0981204117461885,8
46,3,0.928241758241758,0.109092606759342,8
47,3,0.674151404151404,0.485176078939336,8
48,3,0.235299145299145,0.10863495848414,8
49,3,0.454652014652015,0.393150085884165,8
50,3,0.227509157509158,0.116376704777915,8
51,3,0.282930402930403,0.140703823857476,8
52,3,1.87803418803419,0.166740877626787,8
53,3,0.224542124542125,0.0830678458259098,8
54,3,0.224517704517705,0.0220566765131257,8
55,3,0.161221001221001,0.019327519864237,8
56,3,0.233931623931624,0.0968340519976531,8
57,3,2.12671550671551,0.0976254822895808,8
58,3,0.176776556776557,0.0262417336990086,8
59,3,0.213882783882784,0.0660211370540633,8
60,3,0.196202686202686,0.0714297016284525,8
61,3,0.264285714285714,0.118885067947628,8
62,3,0.246410256410256,0.112148269559305,8
63,3,0.30980463980464,0.0343303053173904,8
64,3,0.326007326007326,0.0371754269783598,8
65,3,0.373174603174603,0.165011530936454,8
66,3,1.72426129426129,0.592038281716747,8
67,3,1.63627594627595,0.440891513826755,8
68,3,1.67126984126984,0.460618415979707,8
69,3,1.50732600732601,0.286950224327374,8
70,3,1.29015873015873,0.558656174392471,8
71,3,0.576984126984127,0.404461805666738,8
72,3,1.78581196581197,1.31559565791713,8
1,3,1.15324786324786,0.0435296833332965,9
2,3,1.15257631257631,0.0470465064061309,9
3,3,1.01702075702076,0.083910334530046,9
4,3,1.10042735042735,0.13461330806668,9
5,3,0.600549450549451,0.448622364043822,9
6,3,0.207533577533578,0.0306914316744546,9
7,3,0.174884004884005,0.00928673173099052,9
8,3,0.269365079365079,0.0522878900416957,9
9,3,1.10782661782662,0.11805685401652,9
10,3,1.1164590964591,0.0497451721647742,9
11,3,1.07741147741148,0.0484643670779615,9
12,3,0.953748473748474,0.133050162882295,9
13,3,1.11557997557998,0.0620528965773468,9
14,3,1.06954822954823,0.102021098785083,9
15,3,1.03396825396825,0.130367125457237,9
16,3,1.15652014652015,0.122574343439093,9
17,3,0.897045177045177,0.228783659024127,9
18,3,0.252356532356532,0.122971901235677,9
19,3,0.287557997557998,0.122889270937959,9
20,3,0.509352869352869,0.356836132650538,9
21,3,1.31007326007326,0.219612802535452,9
22,3,1.06783882783883,0.0581496726348333,9
23,3,1.00344322344322,0.0861258395583942,9
24,3,1.21206349206349,0.0558549967955725,9
25,3,0.861428571428571,0.29705393968756,9
26,3,0.408058608058608,0.0283451166624954,9
27,3,1.25409035409035,0.152462086271251,9
28,3,2.14261294261294,0.266932537964948,9
29,3,0.16990231990232,0.0430680813315953,9
30,3,0.163235653235653,0.0324485134887764,9
31,3,0.197106227106227,0.050716174064008,9
32,3,0.237460317460318,0.16422557747657,9
33,3,2.2135409035409,0.246235705943459,9
34,3,1.501221001221,0.0512929519201343,9
35,3,1.57531135531136,0.0744546200942598,9
36,3,0.283052503052503,0.0603589353829549,9
37,3,0.224749694749695,0.0458887721101732,9
38,3,0.25026862026862,0.0530255217594302,9
39,3,0.415360195360195,0.220826087016498,9
40,3,1.28636141636142,0.115689673680016,9
41,3,1.0818315018315,0.00918442929618375,9
42,3,1.02864468864469,0.055452746047764,9
43,3,1.07416361416361,0.0262263217732495,9
44,3,1.07711843711844,0.136179447981457,9
45,3,1.22539682539683,0.0396304720868559,9
46,3,1.0331746031746,0.0805394165038054,9
47,3,0.810818070818071,0.356066463459996,9
48,3,0.195006105006105,0.0698249626615743,9
49,3,0.200781440781441,0.068703003495724,9
50,3,0.192307692307692,0.0661118888197071,9
51,3,0.313528693528694,0.104670682723893,9
52,3,2.2296336996337,0.0258620251038219,9
53,3,0.202222222222222,0.0616112570197313,9
54,3,0.240720390720391,0.0939145016897068,9
55,3,0.160903540903541,0.0286174451761285,9
56,3,0.217765567765568,0.0568128797907736,9
57,3,2.30824175824176,0.290303555349709,9
58,3,0.190659340659341,0.0384279462582914,9
59,3,0.183785103785104,0.0503433358680133,9
60,3,0.217557997557998,0.0966147428191626,9
61,3,0.284383394383394,0.0845706582498423,9
62,3,0.267570207570208,0.0759264350292578,9
63,3,0.278705738705739,0.0301041261947714,9
64,3,0.272808302808303,0.0402616649960532,9
65,3,0.339230769230769,0.0328827371618061,9
66,3,1.50691086691087,0.183801352798693,9
67,3,1.36500610500611,0.161047009906659,9
68,3,1.47521367521368,0.150371245265577,9
69,3,1.40849816849817,0.229717096850298,9
70,3,1.54892551892552,0.131137661049135,9
71,3,1.2340293040293,0.12762486686791,9
72,3,2.17271062271062,0.268392642761416,9
1,3,1.09161172161172,0.111463143037958,10
2,3,1.03650793650794,0.11177533886972,10
3,3,0.984102564102564,0.0361274681004329,10
4,3,1.11793650793651,0.0645871826078398,10
5,3,0.75985347985348,0.280746329491406,10
6,3,0.288791208791209,0.0967366811616013,10
7,3,0.164163614163614,0.0239044131516393,10
8,3,0.181062271062271,0.0715532583179322,10
9,3,1.05506715506716,0.134294093836249,10
10,3,0.963211233211233,0.0733860668709636,10
11,3,1.02619047619048,0.0728820374524475,10
12,3,0.866605616605617,0.14572713205754,10
13,3,1.15695970695971,0.115956030301936,10
14,3,0.955006105006105,0.0689842144670433,10
15,3,0.98010989010989,0.0555473339862396,10
16,3,1.18769230769231,0.0699003705386918,10
17,3,0.959084249084249,0.195764867431791,10
18,3,0.242698412698413,0.0418569351891845,10
19,3,0.176043956043956,0.0257382510449559,10
20,3,0.279462759462759,0.0100432007937989,10
21,3,1.13080586080586,0.108246629741068,10
22,3,1.00056166056166,0.0783902068618123,10
23,3,1.04201465201465,0.148366656863019,10
24,3,1.07737484737485,0.116523366909546,10
25,3,1.03380952380952,0.155647284259976,10
26,3,0.563992673992674,0.16769924869256,10
27,3,1.38275946275946,0.153407806239688,10
28,3,2.1556043956044,0.417587513624839,10
29,3,0.187399267399267,0.0888566548177187,10
30,3,0.18040293040293,0.0920675476738416,10
31,3,0.185616605616606,0.0504147530289102,10
32,3,0.186056166056166,0.019549747161044,10
33,3,2.02086691086691,0.169553196222853,10
34,3,1.83361416361416,0.308778747230145,10
35,3,1.65294261294261,0.189488016224039,10
36,3,0.217374847374847,0.0292922671754624,10
37,3,0.198144078144078,0.0314264652020434,10
38,3,0.221269841269841,0.0656596276025153,10
39,3,0.327960927960928,0.123620671871409,10
40,3,1.19800976800977,0.0994964871630789,10
41,3,1.09979242979243,0.201412914737874,10
42,3,0.961221001221001,0.0941387475462485,10
43,3,1.04380952380952,0.130386656802408,10
44,3,1.01352869352869,0.0604176931618623,10
45,3,1.07482295482295,0.133202554978539,10
46,3,0.998412698412698,0.101205134325823,10
47,3,0.901672771672772,0.246166890716342,10
48,3,0.187399267399267,0.0540159914064107,10
49,3,0.175067155067155,0.0572485325732467,10
50,3,0.147069597069597,0.0212146107270783,10
51,3,0.13949938949939,0.0251689226098933,10
52,3,1.99589743589744,0.0789031480478481,10
53,3,0.237057387057387,0.110098607659301,10
54,3,0.248608058608059,0.0929653948481258,10
55,3,0.166068376068376,0.033169551610857,10
56,3,0.197692307692308,0.0508785407024466,10
57,3,2.06125763125763,0.163601432358718,10
58,3,0.189474969474969,0.050937214931026,10
59,3,0.274017094017094,0.136843665950618,10
60,3,0.226019536019536,0.0860475841447845,10
61,3,0.264676434676435,0.0823801325850353,10
62,3,0.327789987789988,0.0812561662264305,10
63,3,0.265567765567766,0.110022014852013,10
64,3,0.275347985347985,0.0339174557777815,10
65,3,0.302551892551893,0.0503346598362473,10
66,3,1.71570207570208,0.246558203261103,10
67,3,1.8650061050061,0.269410732839202,10
68,3,1.81395604395604,0.222068620518226,10
69,3,1.94327228327228,0.191297890673686,10
70,3,1.89028083028083,0.201631301270128,10
71,3,1.34896214896215,0.619168518152169,10
72,3,2.26241758241758,0.876541907054316,10
1,3,1.13363858363858,0.0597126711726258,11
2,3,1.07473748473748,0.0679837329025875,11
3,3,1.04141636141636,0.0384185060738785,11
4,3,1.05223443223443,0.139763305202168,11
5,3,0.838070818070818,0.348120970936531,11
6,3,0.229169719169719,0.102571299677711,11
7,3,0.213724053724054,0.0807200130236219,11
8,3,0.225836385836386,0.0916594654040754,11
9,3,1.07416361416361,0.0890445401225332,11
10,3,1.02717948717949,0.10800808404741,11
11,3,1.0476800976801,0.1217762487254,11
12,3,1.02964590964591,0.0412104408840876,11
13,3,1.13318681318681,0.0354433415555879,11
14,3,1.07289377289377,0.110218867204119,11
15,3,0.996886446886447,0.0204413656035877,11
16,3,1.21356532356532,0.0887350546974063,11
17,3,0.98042735042735,0.236423929374524,11
18,3,0.207057387057387,0.0747676506051565,11
19,3,0.196715506715507,0.0119576920444689,11
20,3,0.523907203907204,0.381428151646878,11
21,3,1.15102564102564,0.0946278916061353,11
22,3,1.11947496947497,0.119331047972557,11
23,3,1.09261294261294,0.0612394875638916,11
24,3,1.07457875457875,0.148290259988927,11
25,3,1.05040293040293,0.224567686430812,11
26,3,0.442393162393162,0.0581561599804991,11
27,3,1.43004884004884,0.185537880445878,11
28,3,1.89571428571429,0.155301622993156,11
29,3,0.237606837606838,0.0889449198815606,11
30,3,0.225726495726496,0.102686572179962,11
31,3,0.226385836385836,0.0560567671121376,11
32,3,0.309047619047619,0.109607628382091,11
33,3,2.05522588522589,0.303794481744386,11
34,3,1.73242979242979,0.297267173976234,11
35,3,1.65626373626374,0.205355342587084,11
36,3,0.305946275946276,0.129315258222876,11
37,3,0.266507936507936,0.109254672770998,11
38,3,0.272393162393162,0.108466791814746,11
39,3,0.358583638583639,0.100517154439754,11
40,3,1.19995115995116,0.0657185869825017,11
41,3,1.08510378510379,0.055575592463396,11
42,3,1.07819291819292,0.0216990021665172,11
43,3,1.05391941391941,0.134366164359171,11
44,3,1.01998778998779,0.0152552705638422,11
45,3,1.07803418803419,0.156482609018601,11
46,3,1.01913308913309,0.0863267956860126,11
47,3,0.922796092796093,0.291624662925245,11
48,3,0.184603174603175,0.00535229057145631,11
49,3,0.215592185592186,0.0686707619074397,11
50,3,0.170940170940171,0.00996157421151006,11
51,3,0.251001221001221,0.0737861726333044,11
52,3,1.95306471306471,0.156050449285071,11
53,3,0.245934065934066,0.0650961408026441,11
54,3,0.286800976800977,0.103610312482297,11
55,3,0.225372405372405,0.0278451972020874,11
56,3,0.259487179487179,0.054104386893586,11
57,3,2.00157509157509,0.340897142176095,11
58,3,0.218937728937729,0.0616359445050825,11
59,3,0.243724053724054,0.141116579467836,11
60,3,0.233504273504274,0.0959349074375169,11
61,3,0.286385836385836,0.0958796672377094,11
62,3,0.253711843711844,0.0920897795111792,11
63,3,0.332026862026862,0.0742746263095508,11
64,3,0.352246642246642,0.0988672193587847,11
65,3,0.367106227106227,0.0372198485337805,11
66,3,1.91017094017094,0.34137367370306,11
67,3,2.00069597069597,0.50193908501632,11
68,3,1.90501831501832,0.422322891799561,11
69,3,1.88479853479853,0.348031924779583,11
70,3,1.69223443223443,0.433360617671562,11
71,3,1.24886446886447,0.538290456487598,11
72,3,1.93351648351648,0.879968699089223,11
1,3,1.13789010989011,0.0641111671882656,12
2,3,1.09185836385836,0.112115317900608,12
3,3,1.09716239316239,0.116097912987082,12
4,3,1.10107936507937,0.149377490821396,12
5,3,0.945015873015873,0.361314647337871,12
6,3,0.2281221001221,0.135043908965172,12
7,3,0.26385347985348,0.0962406426322128,12
8,3,0.22245177045177,0.118874248587862,12
9,3,0.979482295482295,0.0777213770505543,12
10,3,1.00989499389499,0.075373508557627,12
11,3,0.993152625152625,0.0962757797488888,12
12,3,1.03187301587302,0.0167008888010149,12
13,3,1.12871306471306,0.098977699635163,12
14,3,1.10496703296703,0.101072553768071,12
15,3,0.999760683760684,0.0578889961136653,12
16,3,1.26013186813187,0.149057551227041,12
17,3,0.937982905982906,0.245064483498758,12
18,3,0.228991452991453,0.0858221234961763,12
19,3,0.288063492063492,0.115791359682929,12
20,3,0.314910866910867,0.0879348704708051,12
21,3,0.987565323565324,0.0295546256914482,12
22,3,1.03870573870574,0.143637547797363,12
23,3,1.20753113553114,0.0427582541533949,12
24,3,1.11473504273504,0.159895389954875,12
25,3,1.04971428571429,0.287108497243539,12
26,3,0.573177045177045,0.0738572311787823,12
27,3,1.26615384615385,0.338869748917793,12
28,3,2.2510525030525,0.024580414429286,12
29,3,0.147897435897436,0.0150638673061336,12
30,3,0.192976800976801,0.0463496777639295,12
31,3,0.174661782661783,0.0201798263928947,12
32,3,0.283487179487179,0.0790473298089879,12
33,3,2.3874188034188,0.391080585743214,12
34,3,1.88657875457875,0.481744615147338,12
35,3,1.63368986568987,0.337249467389074,12
36,3,0.206197802197802,0.00744571790568397,12
37,3,0.260063492063492,0.0729760079999422,12
38,3,0.257299145299145,0.0734854282406557,12
39,3,0.230310134310134,0.0532121259523195,12
40,3,1.21014407814408,0.167852290609425,12
41,3,1.09883272283272,0.0671992019251798,12
42,3,1.05870573870574,0.149549369995707,12
43,3,0.985797313797314,0.0608531901654182,12
44,3,1.02099633699634,0.0866808988837362,12
45,3,1.1416800976801,0.0555809075244124,12
46,3,1.01089133089133,0.102063280991762,12
47,3,0.817562881562882,0.163213910805578,12
48,3,0.190017094017094,0.0917138235096873,12
49,3,0.199672771672772,0.0731213284469692,12
50,3,0.175770451770452,0.00374387885404587,12
51,3,0.298686202686203,0.0342413705703699,12
52,3,2.05694261294261,0.263887730348977,12
53,3,0.192766788766789,0.0166564495243132,12
54,3,0.298251526251526,0.125487039274047,12
55,3,0.210520146520147,0.027208092921265,12
56,3,0.297382173382173,0.0671662484642062,12
57,3,1.86062515262515,0.229145731189476,12
58,3,0.218857142857143,0.0081270090752881,12
59,3,0.191321123321123,0.0262194366723411,12
60,3,0.185748473748474,0.0440459187007922,12
61,3,0.251247863247863,0.0945130659241883,12
62,3,0.32443956043956,0.0316847809602145,12
63,3,0.338559218559219,0.0186583689145732,12
64,3,0.360971916971917,0.0321778068516933,12
65,3,0.388844932844933,0.0475185986667114,12
66,3,2.05156532356532,0.216097656696489,12
67,3,1.99472527472527,0.322840543795733,12
68,3,2.15062271062271,0.148322395704981,12
69,3,1.67652258852259,0.521690417023933,12
70,3,2.03095482295482,0.532602260546369,12
71,3,1.30932356532357,0.297024268239328,12
72,3,2.83797313797314,0.249023999752058,12
1,3,1.05922832722833,0.119589189186287,13
2,3,1.01858363858364,0.117802797670673,13
3,3,1.08164102564103,0.116821728455439,13
4,3,1.07015873015873,0.104676733054355,13
5,3,0.657821733821734,0.123063177614905,13
6,3,0.159687423687424,0.0418399184089654,13
7,3,0.160781440781441,0.0366362876229156,13
8,3,0.166549450549451,0.0366726989655019,13
9,3,0.968786324786325,0.0683217808212799,13
10,3,1.10342368742369,0.175312947452981,13
11,3,1.00884004884005,0.135524825777948,13
12,3,1.05451037851038,0.0416897847283659,13
13,3,1.03869597069597,0.157611445106973,13
14,3,1.14489377289377,0.161293469499369,13
15,3,1.01545299145299,0.0695954737944418,13
16,3,1.1521514041514,0.0835738333178679,13
17,3,0.636224664224664,0.266809665130081,13
18,3,0.185313797313797,0.0459911460626124,13
19,3,0.178661782661783,0.0183605022522315,13
20,3,0.177103785103785,0.00920726507364524,13
21,3,1.12988034188034,0.212645595917415,13
22,3,1.08618803418803,0.0688629667567972,13
23,3,1.08562637362637,0.123356135408734,13
24,3,1.08143101343101,0.120378340040112,13
25,3,0.991496947496947,0.127613168453867,13
26,3,0.322910866910867,0.17653396738859,13
27,3,0.890905982905983,0.63569895390498,13
28,3,1.40294505494506,0.98443401685161,13
29,3,0.158017094017094,0.0294869941370948,13
30,3,0.179125763125763,0.0598993736977735,13
31,3,0.184669108669109,0.0379257722172705,13
32,3,0.184009768009768,0.0578166814880026,13
33,3,1.88502075702076,0.488050431130777,13
34,3,1.43405128205128,0.460099770123514,13
35,3,1.35521855921856,0.318119118542949,13
36,3,0.236400488400488,0.0354154268156996,13
37,3,0.178437118437118,0.0128917608597751,13
38,3,0.175882783882784,0.00732671058895561,13
39,3,0.171672771672772,0.0256026225584003,13
40,3,1.38607081807082,0.368837106655139,13
41,3,1.05862271062271,0.0285977262276283,13
42,3,0.967228327228327,0.108719561349111,13
43,3,1.12993406593407,0.0612197783568273,13
44,3,1.08355067155067,0.145973571254714,13
45,3,1.15083272283272,0.156793944010905,13
46,3,0.994822954822955,0.115027211651289,13
47,3,0.529689865689866,0.41375891220796,13
48,3,0.140473748473748,0.0312534078343309,13
49,3,0.15835409035409,0.0402036339637678,13
50,3,0.150803418803419,0.0398210823212414,13
51,3,0.205006105006105,0.0851522960033949,13
52,3,1.82327228327228,0.187346883039374,13
53,3,0.177328449328449,0.0534268819567316,13
54,3,0.181440781440781,0.0502584036882565,13
55,3,0.166564102564103,0.0366601253711513,13
56,3,0.184009768009768,0.0635647987624787,13
57,3,1.96461538461538,0.245751972226822,13
58,3,0.178227106227106,0.0451609889957623,13
59,3,0.21752380952381,0.0716484235600439,13
60,3,0.144908424908425,0.0159585933912846,13
61,3,0.159350427350427,0.0357645033127763,13
62,3,0.195335775335775,0.0562697614549604,13
63,3,0.221860805860806,0.0662580432781664,13
64,3,0.29037851037851,0.043012481597212,13
65,3,0.31214652014652,0.0617469831876655,13
66,3,1.74747741147741,0.485953389583108,13
67,3,1.64847374847375,0.376281653839852,13
68,3,1.62144078144078,0.507659013614933,13
69,3,1.55438339438339,0.562310083638788,13
70,3,1.57150183150183,0.732780391890047,13
71,3,1.2251916971917,0.747168237889281,13
72,3,1.91974114774115,0.930092590085103,13
1,3,1.02044444444444,0.101904821243122,14
2,3,0.950666666666667,0.272156817539692,14
3,3,0.972,0.090598013223249,14
4,3,1.05066666666667,0.12174289849241,14
5,3,1.024,0.156614175603615,14
6,3,0.269555555555556,0.100621034543442,14
7,3,0.268222222222222,0.0604440359463321,14
8,3,0.222,0.0590254182534948,14
9,3,0.987555555555556,0.117373730419513,14
10,3,0.987111111111111,0.166588426079676,14
11,3,1.02022222222222,0.0594879383977527,14
12,3,0.865555555555556,0.192656670252012,14
13,3,1.01488888888889,0.0897015628089632,14
14,3,1.09155555555556,0.244612467505766,14
15,3,0.958,0.0951419991381304,14
16,3,1.222,0.286083903776497,14
17,3,0.891111111111111,0.498635174287812,14
18,3,0.264222222222222,0.143406699569725,14
19,3,0.238,0.0965608616365865,14
20,3,0.293555555555556,0.0919959741470205,14
21,3,0.963333333333333,0.0098657657246325,14
22,3,0.963111111111111,0.0884064686756784,14
23,3,1.04466666666667,0.186936709432185,14
24,3,1.04266666666667,0.224368744109632,14
25,3,0.881555555555556,0.485044938735158,14
26,3,0.553777777777778,0.120372262093397,14
27,3,1.22733333333333,0.367109429643714,14
28,3,2.16555555555556,0.427453614550857,14
29,3,0.325777777777778,0.318318731485935,14
30,3,0.272,0.197949488506538,14
31,3,0.227333333333333,0.0903400981476849,14
32,3,0.277333333333333,0.0241108550933668,14
33,3,2.35422222222222,0.501484610745748,14
34,3,1.41555555555556,0.31651528545384,14
35,3,1.44488888888889,0.228355797759484,14
36,3,0.249555555555556,0.117311235292814,14
37,3,0.219333333333333,0.0565803263805833,14
38,3,0.277333333333333,0.029484459183328,14
39,3,0.332888888888889,0.0316180913988132,14
40,3,1.18666666666667,0.10371756521117,14
41,3,1.062,0.058412327466041,14
42,3,0.947333333333333,0.0420634441449263,14
43,3,0.985555555555555,0.0271156644628019,14
44,3,0.999555555555555,0.0849819152874653,14
45,3,1.04355555555556,0.0884567272319783,14
46,3,0.996666666666667,0.07371114795832,14
47,3,0.763111111111111,0.508700013469337,14
48,3,0.211555555555556,0.0735793851967107,14
49,3,0.186666666666667,0.0809279514959655,14
50,3,0.18,0.0538144961882948,14
51,3,0.200444444444444,0.0461944360927366,14
52,3,2.01911111111111,0.318064517098398,14
53,3,0.172222222222222,0.0587209344965503,14
54,3,0.173333333333333,0.0454899256246186,14
55,3,0.154444444444444,0.0296972376817428,14
56,3,0.208666666666667,0.0355715241918776,14
57,3,2.07333333333333,0.474507463938486,14
58,3,0.204,0.0628649345820069,14
59,3,0.201111111111111,0.0614359045702948,14
60,3,0.146,0.0124899959967968,14
61,3,0.196222222222222,0.0871941214464302,14
62,3,0.240222222222222,0.087864373600158,14
63,3,0.234,0.0314324672910034,14
64,3,0.227777777777778,0.0657075450879234,14
65,3,0.256444444444444,0.10800274344938,14
66,3,1.76511111111111,0.299832792909154,14
67,3,1.80444444444444,0.360726016887137,14
68,3,1.77222222222222,0.341014390920405,14
69,3,1.88088888888889,0.442498629418258,14
70,3,1.80044444444444,0.526523749947957,14
71,3,1.50355555555556,0.491257494523927,14
72,3,3.00288888888889,0.583459541902467,14
1,3,1.20777777777778,0.115966150872348,15
2,3,1.15466666666667,0.0921158690635513,15
3,3,1.24822222222222,0.311251476271971,15
4,3,1.16555555555556,0.121202004628331,15
5,3,0.743777777777778,0.175241209427125,15
6,3,0.234666666666667,0.10883626846476,15
7,3,0.236444444444444,0.0494293360187982,15
8,3,0.261777777777778,0.119482836207332,15
9,3,1.09311111111111,0.0442534786245146,15
10,3,1.08933333333333,0.0567567910767807,15
11,3,0.975777777777778,0.0708247707242893,15
12,3,1.09511111111111,0.207915937429138,15
13,3,1.22644444444444,0.187749636287067,15
14,3,1.19288888888889,0.0285138043241697,15
15,3,1.06266666666667,0.104025637865544,15
16,3,1.27,0.0533291665038936,15
17,3,1.14733333333333,0.260709288927981,15
18,3,0.259777777777778,0.10366684530174,15
19,3,0.180666666666667,0.0330050501186308,15
20,3,0.210222222222222,0.0636145802062296,15
21,3,1.17022222222222,0.283452785277339,15
22,3,1.08422222222222,0.0864415880704892,15
23,3,1.21088888888889,0.112882108282803,15
24,3,1.09,0.10219589032833,15
25,3,1.11577777777778,0.0923335338946879,15
26,3,0.392666666666667,0.191544598810129,15
27,3,0.54,0.361662826400503,15
28,3,1.71066666666667,0.733313939137484,15
29,3,0.214222222222222,0.0114955708056689,15
30,3,0.198888888888889,0.0416777762966912,15
31,3,0.219333333333333,0.00945163125250522,15
32,3,0.283111111111111,0.0944159434119597,15
33,3,1.782,0.461159408447881,15
34,3,1.592,0.169186287860453,15
35,3,1.44533333333333,0.163086888906906,15
36,3,0.331555555555556,0.0456135132673706,15
37,3,0.312666666666667,0.087460467259976,15
38,3,0.241777777777778,0.0274010002520859,15
39,3,0.257333333333333,0.111019517803553,15
40,3,1.25066666666667,0.14622357311095,15
41,3,1.08466666666667,0.156516239838981,15
42,3,1.01977777777778,0.0841436162055575,15
43,3,0.972666666666667,0.271825924689558,15
44,3,1.05711111111111,0.0341521649441199,15
45,3,1.09511111111111,0.0535384942856107,15
46,3,0.93,0.0929731143933557,15
47,3,0.988444444444444,0.0713343717473743,15
48,3,0.158888888888889,0.0240770368547233,15
49,3,0.228888888888889,0.0173504189297272,15
50,3,0.205555555555556,0.0276030057407871,15
51,3,0.205111111111111,0.034034840536873,15
52,3,1.71466666666667,0.423515446392848,15
53,3,0.240666666666667,0.0948753568284901,15
54,3,0.182888888888889,0.0344243669082968,15
55,3,0.200666666666667,0.0254820198048219,15
56,3,0.185777777777778,0.01195051525311,15
57,3,1.99688888888889,0.301298916421943,15
58,3,0.212444444444444,0.0710722115827224,15
59,3,0.296666666666667,0.132850793499073,15
60,3,0.224888888888889,0.0878618444132816,15
61,3,0.328,0.108738217752546,15
62,3,0.306222222222222,0.0267110741356742,15
63,3,0.365555555555556,0.0374423012904646,15
64,3,0.309555555555556,0.0306255763362247,15
65,3,0.423333333333333,0.0801082600818002,15
66,3,1.646,0.0399499687108763,15
67,3,1.608,0.123223374405995,15
68,3,1.50688888888889,0.232375494341315,15
69,3,1.566,0.285369935347086,15
70,3,1.55711111111111,0.376685151955454,15
71,3,0.976666666666667,0.351137200155913,15
72,3,1.95266666666667,0.314466744399679,15
1,3,1.16777777777778,0.187389473596611,16
2,3,1.09155555555556,0.177070398220386,16
3,3,1.03644444444444,0.122038852344167,16
4,3,1.10177777777778,0.216339582173061,16
5,3,0.909777777777778,0.427676062943456,16
6,3,0.185555555555556,0.022194427061598,16
7,3,0.206444444444444,0.0437179512244028,16
8,3,0.203555555555556,0.0166711105186765,16
9,3,1.092,0.25209522010542,16
10,3,0.958888888888889,0.15514628700156,16
11,3,1.05066666666667,0.0336518119043305,16
12,3,0.930444444444444,0.198613341090822,16
13,3,1.09355555555556,0.0269182576069216,16
14,3,1.13955555555556,0.0933841131702421,16
15,3,1.014,0.110298584658996,16
16,3,1.04266666666667,0.0667765760660961,16
17,3,0.848222222222222,0.416155063692654,16
18,3,0.223333333333333,0.072188026092359,16
19,3,0.176222222222222,0.0240030862213206,16
20,3,0.204,0.0469657085305628,16
21,3,1.05844444444444,0.146903344388726,16
22,3,0.947333333333333,0.0845721256942526,16
23,3,1.01288888888889,0.140327131032113,16
24,3,1.016,0.232477478001156,16
25,3,1.06733333333333,0.101550206520935,16
26,3,0.365777777777778,0.162426507597653,16
27,3,1.06088888888889,0.301809603950963,16
28,3,1.67444444444444,0.239961416651681,16
29,3,0.261111111111111,0.0250185116648838,16
30,3,0.183555555555556,0.0196676082637116,16
31,3,0.217111111111111,0.0293358584771708,16
32,3,0.292888888888889,0.0406684881195002,16
33,3,1.85177777777778,0.22502970997264,16
34,3,1.45311111111111,0.119685390054896,16
35,3,1.31288888888889,0.211262168179027,16
36,3,0.302888888888889,0.044102574040945,16
37,3,0.307333333333333,0.0560277708918632,16
38,3,0.256666666666667,0.0674124947205223,16
39,3,0.644444444444445,0.345725217370567,16
40,3,1.112,0.180033330247485,16
41,3,1.02933333333333,0.123122342046889,16
42,3,0.998,0.117012819810481,16
43,3,0.985333333333333,0.112796769063263,16
44,3,0.863555555555556,0.0738777769422303,16
45,3,1.05955555555556,0.268862900488817,16
46,3,0.936444444444444,0.143705460088541,16
47,3,0.829333333333333,0.504155178932484,16
48,3,0.216666666666667,0.0927960727138337,16
49,3,0.249333333333333,0.0594343709013938,16
50,3,0.192888888888889,0.0366747465844965,16
51,3,0.233777777777778,0.0140052900058566,16
52,3,1.89444444444444,0.259836130695511,16
53,3,0.194888888888889,0.0296373138184008,16
54,3,0.204222222222222,0.010335125292652,16
55,3,0.197555555555556,0.00517830231010269,16
56,3,0.264666666666667,0.0835783065952723,16
57,3,1.74555555555556,0.195684931950809,16
58,3,0.230222222222222,0.0447478532487355,16
59,3,0.373111111111111,0.0601861310466986,16
60,3,0.326888888888889,0.0797226674397169,16
61,3,0.347333333333333,0.0890018726394751,16
62,3,0.323333333333333,0.0493288286231625,16
63,3,0.401111111111111,0.124379943601733,16
64,3,0.366,0.0505217225007664,16
65,3,0.425555555555556,0.114228490965031,16
66,3,1.66511111111111,0.396852244171182,16
67,3,1.43333333333333,0.0938675189355249,16
68,3,1.48844444444444,0.106877569278192,16
69,3,1.396,0.0799527638324307,16
70,3,1.57066666666667,0.231601189787771,16
71,3,1.35177777777778,0.160244720257394,16
72,3,2.042,0.194121382416031,16
