RowNr,N,Mean,SD,Instance
1,3,1.03937728937729,0.143899778358209,1
2,3,0.976312576312576,0.0815644352173025,1
3,3,1.09004884004884,0.102104269652771,1
4,3,1.15058608058608,0.0838871265891238,1
5,3,1.07208791208791,0.0800290773546443,1
6,3,0.273650793650794,0.127068226119637,1
7,3,0.247252747252747,0.0967837105995441,1
8,3,0.211941391941392,0.0890100242640553,1
9,3,0.955873015873016,0.0921454205787552,1
10,3,1.00930402930403,0.0976443554876367,1
11,3,0.998107448107448,0.0496040533405775,1
12,3,1.01286935286935,0.039750886947338,1
13,3,1.05716727716728,0.104269162766018,1
14,3,1.05462759462759,0.0604078097680392,1
15,3,1.05336996336996,0.14939439528965,1
16,3,1.21128205128205,0.250932907624454,1
17,3,1.00543345543346,0.0692356369137177,1
18,3,0.304407814407814,0.151179072230209,1
19,3,0.272222222222222,0.105847549351431,1
20,3,0.511343101343101,0.411435042184104,1
21,3,0.96979242979243,0.0261956073083599,1
22,3,0.94998778998779,0.0756978148787132,1
23,3,1.15460317460317,0.048058291639567,1
24,3,1.08893772893773,0.0870902057682027,1
25,3,1.04798534798535,0.017028042929186,1
26,3,0.530769230769231,0.23594704049248,1
27,3,1.18184371184371,0.335146628407855,1
28,3,2.44702075702076,0.153917140143801,1
29,3,0.330989010989011,0.153085495264717,1
30,3,0.500903540903541,0.407482976206884,1
31,3,0.275006105006105,0.116919532829166,1
32,3,0.571282051282051,0.515667992001653,1
33,3,2.39781440781441,0.466769136617559,1
34,3,1.61376068376068,0.41327195680124,1
35,3,1.53588522588523,0.438515088386632,1
36,3,0.33021978021978,0.065625744312948,1
37,3,0.295457875457875,0.113352670780197,1
38,3,0.289108669108669,0.11256501046405,1
39,3,0.332637362637363,0.130052070486082,1
40,3,1.08919413919414,0.108417947256985,1
41,3,1.07949938949939,0.138439831686748,1
42,3,1.03308913308913,0.0546522642529007,1
43,3,1.01186813186813,0.124565053911653,1
44,3,0.974664224664225,0.0739563281905516,1
45,3,1.15416361416361,0.0919341337512257,1
46,3,1.03737484737485,0.148684636615095,1
47,3,0.957667887667888,0.135858698967194,1
48,3,0.289230769230769,0.107858236030231,1
49,3,0.543064713064713,0.524338151673924,1
50,3,0.328498168498169,0.19063111479251,1
51,3,0.586056166056166,0.51177790578384,1
52,3,2.09247863247863,0.29076169362697,1
53,3,0.30023199023199,0.121711102500282,1
54,3,0.527557997557998,0.424823100460129,1
55,3,0.283211233211233,0.130053697137909,1
56,3,0.511257631257631,0.369345667797279,1
57,3,2.09052503052503,0.163335864858072,1
58,3,0.341770451770452,0.105652813741651,1
59,3,0.518559218559219,0.427660673011798,1
60,3,0.305995115995116,0.168959713206862,1
61,3,0.487484737484737,0.374304147747761,1
62,3,0.330744810744811,0.179637278695221,1
63,3,0.545091575091575,0.466737430014774,1
64,3,0.378498168498169,0.179347418861577,1
65,3,0.673907203907204,0.55980723304139,1
66,3,1.31125763125763,0.266812428296111,1
67,3,1.49410256410256,0.295799766131847,1
68,3,1.72484737484737,0.495824484772749,1
69,3,1.57288156288156,0.43212864591945,1
70,3,1.49985347985348,0.400088593283135,1
71,3,1.16063492063492,0.372611466021556,1
72,3,1.96119658119658,0.470791319333578,1
1,3,1.01374847374847,0.0599684752764922,2
2,3,0.915836385836386,0.00745457994552133,2
3,3,0.91945054945055,0.133175766294369,2
4,3,0.996202686202686,0.0601875123361812,2
5,3,0.918888888888889,0.200362671928538,2
6,3,0.364175824175824,0.246497808261358,2
7,3,0.226568986568987,0.140999689983411,2
8,3,0.207997557997558,0.0694514413681825,2
9,3,0.980989010989011,0.0706435969145349,2
10,3,0.977875457875458,0.121585504036567,2
11,3,0.901599511599512,0.0572971563502175,2
12,3,0.845738705738706,0.117532684547784,2
13,3,0.967533577533577,0.152852891384709,2
14,3,1.04350427350427,0.0905218280987145,2
15,3,0.94020757020757,0.186201455989851,2
16,3,1.08339438339438,0.329820139614927,2
17,3,0.916800976800977,0.133888998985507,2
18,3,0.313492063492064,0.14305756736661,2
19,3,0.236178266178266,0.108236126201278,2
20,3,0.305360195360195,0.137200687599862,2
21,3,0.866141636141636,0.152554126086279,2
22,3,0.855824175824176,0.143400338562783,2
23,3,1.04258852258852,0.146804583498613,2
24,3,0.96973137973138,0.208947567997986,2
25,3,1.00997557997558,0.0865934091758965,2
26,3,0.343846153846154,0.174996552602314,2
27,3,0.681147741147741,0.168912793468896,2
28,3,2.37628815628816,0.342138349356526,2
29,3,0.362246642246642,0.129481564832256,2
30,3,0.482515262515263,0.442339568138796,2
31,3,0.276959706959707,0.136895238989122,2
32,3,0.682747252747253,0.524507927292983,2
33,3,2.29168498168498,0.290468815873942,2
34,3,1.83275946275946,0.341409698506367,2
35,3,1.67363858363858,0.364297234118105,2
36,3,0.317155067155067,0.123107489735923,2
37,3,0.349047619047619,0.179455117866042,2
38,3,0.248302808302808,0.0988560834560094,2
39,3,0.26007326007326,0.123731470725674,2
40,3,0.945946275946276,0.233662817995712,2
41,3,0.881440781440782,0.218957658929746,2
42,3,0.858229548229548,0.241680085971968,2
43,3,0.892527472527473,0.265257284717108,2
44,3,0.898840048840049,0.319039856273202,2
45,3,0.961269841269841,0.270587301253967,2
46,3,0.817704517704518,0.218336630605794,2
47,3,0.841062271062271,0.144695891690351,2
48,3,0.297606837606838,0.116092516140559,2
49,3,0.502039072039072,0.472997886544277,2
50,3,0.302002442002442,0.185774550529053,2
51,3,0.634395604395604,0.510066496953079,2
52,3,2.19225885225885,0.443924468063945,2
53,3,0.34968253968254,0.0707286107092882,2
54,3,0.580634920634921,0.408781534758465,2
55,3,0.245897435897436,0.162108117364016,2
56,3,0.658803418803419,0.495516325886389,2
57,3,2.21031746031746,0.332502503473518,2
58,3,0.260952380952381,0.042214079074858,2
59,3,0.66970695970696,0.35273863146038,2
60,3,0.328681318681319,0.0724422020660632,2
61,3,0.579230769230769,0.356339863695206,2
62,3,0.364102564102564,0.0949756880894981,2
63,3,0.654493284493285,0.459240947536863,2
64,3,0.385518925518926,0.139276172729437,2
65,3,0.739157509157509,0.49086056360583,2
66,3,1.35045177045177,0.489594665225452,2
67,3,1.8653601953602,0.485742291046917,2
68,3,1.86404151404151,0.452627668236405,2
69,3,1.36230769230769,0.581056121764931,2
70,3,1.35815628815629,0.377768280171032,2
71,3,0.613223443223443,0.238962475252682,2
72,3,1.68500610500611,0.958790352573924,2
1,3,1.01133333333333,0.134225349485276,3
2,3,0.954,0.216674871639514,3
3,3,0.916888888888889,0.0468820426808168,3
4,3,0.904444444444444,0.127250118241959,3
5,3,0.973333333333333,0.164249133263399,3
6,3,0.305777777777778,0.0583679262507656,3
7,3,0.231333333333333,0.0884106579799316,3
8,3,0.330222222222222,0.0613924835548867,3
9,3,1.01488888888889,0.141368444276073,3
10,3,0.927333333333333,0.152989469499629,3
11,3,0.964666666666667,0.0116809436452902,3
12,3,0.876888888888889,0.132573389877847,3
13,3,0.970222222222222,0.0500236980877101,3
14,3,0.981555555555556,0.165470820970323,3
15,3,0.920888888888889,0.178238708021117,3
16,3,1.02822222222222,0.256052367329058,3
17,3,0.974222222222222,0.125193775729792,3
18,3,0.190444444444444,0.0450497667195012,3
19,3,0.160666666666667,0.0229298446958931,3
20,3,0.466888888888889,0.416135839644985,3
21,3,0.959555555555556,0.0776354252854923,3
22,3,0.952666666666667,0.0979863936132632,3
23,3,0.963777777777778,0.0837624507052423,3
24,3,0.910444444444444,0.103551025175103,3
25,3,1.014,0.116185675154518,3
26,3,0.304222222222222,0.0886198706920828,3
27,3,1.25088888888889,0.325405957285722,3
28,3,1.71488888888889,0.172028852015951,3
29,3,0.256888888888889,0.0965178931789526,3
30,3,0.497555555555556,0.422469109105208,3
31,3,0.248666666666667,0.0740480324594186,3
32,3,0.523333333333333,0.43895076919602,3
33,3,1.938,0.44236083813004,3
34,3,1.79688888888889,0.566831479300441,3
35,3,1.56377777777778,0.429385262559981,3
36,3,0.288,0.0993131970641924,3
37,3,0.300888888888889,0.104520775889737,3
38,3,0.292,0.0834053022561782,3
39,3,0.338888888888889,0.141198573070117,3
40,3,1.022,0.0753864119792891,3
41,3,0.99,0.095626588585207,3
42,3,0.990888888888889,0.128720771583443,3
43,3,0.87,0.274043792120894,3
44,3,0.944,0.114751906302248,3
45,3,1.016,0.164456005599606,3
46,3,0.956444444444444,0.123792538517443,3
47,3,0.779111111111111,0.363431383304153,3
48,3,0.241555555555556,0.0929906407078651,3
49,3,0.756,0.528607394743753,3
50,3,0.259111111111111,0.108095294035368,3
51,3,0.747777777777778,0.509098695226654,3
52,3,1.91177777777778,0.250861921589754,3
53,3,0.185777777777778,0.0442233389027073,3
54,3,0.530444444444445,0.393861979961584,3
55,3,0.256222222222222,0.073685015311673,3
56,3,0.532444444444444,0.446430451636252,3
57,3,1.822,0.286571301967087,3
58,3,0.226,0.050257116687866,3
59,3,0.534444444444445,0.411370788858331,3
60,3,0.190222222222222,0.0502895320821047,3
61,3,0.564222222222222,0.391385194367864,3
62,3,0.273333333333333,0.0296273147243853,3
63,3,0.589111111111111,0.359178280296898,3
64,3,0.324888888888889,0.0247775286484735,3
65,3,0.558444444444445,0.456428810724366,3
66,3,1.81444444444444,0.489470613501446,3
67,3,1.96088888888889,0.403721759704947,3
68,3,1.938,0.418540851583743,3
69,3,1.87111111111111,0.466301444386608,3
70,3,1.95622222222222,0.663022149230605,3
71,3,1.17955555555556,0.310011708261574,3
72,3,1.64888888888889,0.370005004971154,3
1,3,0.877704517704518,0.0670952025324099,4
2,3,0.847374847374847,0.0932281735836014,4
3,3,0.943785103785104,0.185715464566753,4
4,3,0.922588522588523,0.151150100475737,4
5,3,0.736630036630037,0.275511741187185,4
6,3,0.426776556776557,0.282574138370121,4
7,3,0.223577533577534,0.0724088119232386,4
8,3,0.261379731379731,0.174974190629067,4
9,3,0.923675213675214,0.0956641662159167,4
10,3,0.852808302808303,0.0595391057644871,4
11,3,0.871697191697192,0.169674605229543,4
12,3,0.866617826617827,0.202036958685723,4
13,3,0.851343101343101,0.28755279227448,4
14,3,0.856068376068376,0.15281757296547,4
15,3,0.872454212454212,0.181214189005232,4
16,3,0.879010989010989,0.282158960940378,4
17,3,0.92971916971917,0.107630681411328,4
18,3,0.348791208791209,0.235013028267157,4
19,3,0.352112332112332,0.224177408279655,4
20,3,0.240586080586081,0.0966719965440074,4
21,3,0.834603174603175,0.181055317421893,4
22,3,0.667289377289377,0.213148823446944,4
23,3,0.893052503052503,0.222680950203444,4
24,3,0.713736263736264,0.322991585001538,4
25,3,0.861074481074481,0.143417373054374,4
26,3,0.367765567765568,0.163344423010562,4
27,3,0.874945054945055,0.42168173454319,4
28,3,2.5903663003663,0.332243694617889,4
29,3,0.277789987789988,0.10626986845074,4
30,3,0.528168498168498,0.343477408083185,4
31,3,0.256385836385836,0.162415353262708,4
32,3,0.588229548229548,0.414190298947977,4
33,3,2.13517704517705,0.558333417543761,4
34,3,1.59042735042735,0.418729908078407,4
35,3,1.48181929181929,0.370457151229049,4
36,3,0.299328449328449,0.128757128416094,4
37,3,0.368791208791209,0.239172847388299,4
38,3,0.290940170940171,0.21907556859596,4
39,3,0.22050061050061,0.0977188895805182,4
40,3,0.911489621489622,0.205736866257723,4
41,3,0.945225885225885,0.275951014849041,4
42,3,0.815811965811966,0.239025021224604,4
43,3,0.621416361416361,0.452517755016624,4
44,3,0.802478632478633,0.296627142429892,4
45,3,0.89026862026862,0.206581801343609,4
46,3,0.747692307692308,0.306889122642557,4
47,3,0.852380952380952,0.226704178568678,4
48,3,0.183394383394383,0.0635480182198415,4
49,3,0.550927960927961,0.362949549888471,4
50,3,0.222576312576313,0.0691965759826783,4
51,3,0.660866910866911,0.435655438617217,4
52,3,2.32229548229548,0.534812562329622,4
53,3,0.238498168498169,0.116775677790249,4
54,3,0.628705738705739,0.376087459872894,4
55,3,0.195384615384615,0.0811760207886837,4
56,3,0.594896214896215,0.419483957447483,4
57,3,2.15017094017094,0.721673685383115,4
58,3,0.243785103785104,0.0814580310615339,4
59,3,0.636031746031746,0.39702817041464,4
60,3,0.219059829059829,0.134135734813411,4
61,3,0.605140415140415,0.399581471279047,4
62,3,0.28,0.137961347243833,4
63,3,0.467069597069597,0.338427013684022,4
64,3,0.327216117216117,0.143238071070362,4
65,3,0.388742368742369,0.156322926153693,4
66,3,1.41223443223443,0.504470572023593,4
67,3,1.50789987789988,0.401877061961052,4
68,3,1.41455433455433,0.53776088367809,4
69,3,1.45404151404151,0.365018159406486,4
70,3,1.55007326007326,0.490715399598079,4
71,3,0.943980463980464,0.344607913559136,4
72,3,2.07788766788767,0.489467033420484,4
1,3,0.956361416361416,0.0666934830473542,5
2,3,1.00313797313797,0.10431820492604,5
3,3,1.00990964590965,0.0711585622051305,5
4,3,1.00628327228327,0.171215582024809,5
5,3,0.996197802197802,0.224280153965077,5
6,3,0.399540903540904,0.0604851959284492,5
7,3,0.3162442002442,0.0534460635555193,5
8,3,0.241379731379731,0.0479452945457731,5
9,3,0.906041514041514,0.0366510162142709,5
10,3,1.02047130647131,0.0966459859960564,5
11,3,0.929155067155067,0.0827424773542174,5
12,3,0.89197557997558,0.132223815253336,5
13,3,0.938815628815629,0.0638894661345889,5
14,3,0.949084249084249,0.175077029757389,5
15,3,0.959684981684982,0.0130203102438905,5
16,3,1.02402197802198,0.0871209927811104,5
17,3,0.919391941391941,0.0929977512270326,5
18,3,0.333660561660562,0.0536449583147824,5
19,3,0.261274725274725,0.0757122665164014,5
20,3,0.366212454212454,0.00857822591377251,5
21,3,0.926717948717949,0.0940049518188772,5
22,3,0.745103785103785,0.338162096845011,5
23,3,1.00125030525031,0.0928364648377794,5
24,3,0.84595115995116,0.317051468266081,5
25,3,0.889863247863248,0.137316981977242,5
26,3,0.492549450549451,0.139207901189742,5
27,3,0.848967032967033,0.507829061919293,5
28,3,2.1592967032967,0.33871338710484,5
29,3,0.249496947496948,0.094960706306551,5
30,3,0.717050061050061,0.318790489602019,5
31,3,0.326825396825397,0.126365855966095,5
32,3,0.725028083028083,0.330557373188292,5
33,3,2.37550671550672,0.288835829810259,5
34,3,1.81112332112332,0.243740189662133,5
35,3,1.81624908424908,0.211165058320228,5
36,3,0.337306471306471,0.146843989430485,5
37,3,0.343308913308913,0.0902208757927866,5
38,3,0.346432234432234,0.0276356689621031,5
39,3,0.32014652014652,0.104579235707726,5
40,3,1.00079365079365,0.0859234660945378,5
41,3,0.998659340659341,0.0263973611149233,5
42,3,0.932029304029304,0.0454119404388335,5
43,3,0.927946275946276,0.0867186593239256,5
44,3,0.941474969474969,0.0338116829152228,5
45,3,1.04664713064713,0.0126915572741353,5
46,3,0.919269841269841,0.0634686226570291,5
47,3,0.902263736263736,0.0759672741466251,5
48,3,0.243282051282051,0.105750105496984,5
49,3,0.788783882783883,0.374940310688314,5
50,3,0.354539682539683,0.0341321074042887,5
51,3,0.641704517704518,0.315471503079705,5
52,3,2.15474725274725,0.236741390349925,5
53,3,0.242722832722833,0.139113782151563,5
54,3,0.7823663003663,0.31051903783431,5
55,3,0.293284493284493,0.12727637076582,5
56,3,0.651540903540904,0.227820093376416,5
57,3,2.05208547008547,0.0863874478508063,5
58,3,0.275050061050061,0.105333710978534,5
59,3,0.738515262515263,0.218171937445164,5
60,3,0.377677655677656,0.078163687367196,5
61,3,0.777582417582418,0.318011911142144,5
62,3,0.403772893772894,0.0497021006584153,5
63,3,0.552092796092796,0.152336067165974,5
64,3,0.421809523809524,0.161843489806491,5
65,3,0.608214896214896,0.297498339259689,5
66,3,1.88526007326007,0.151336823582144,5
67,3,1.92702075702076,0.0590658668635031,5
68,3,1.85989010989011,0.275014107020407,5
69,3,1.90436385836386,0.185699973631689,5
70,3,2.07671062271062,0.133059722686038,5
71,3,1.20498901098901,0.550358785513657,5
72,3,2.4447032967033,0.433583065960318,5
1,3,0.605440781440781,0.463360150547378,6
2,3,0.477709401709402,0.446040149917136,6
3,3,0.609748473748474,0.594040886585289,6
4,3,0.551081807081807,0.63144092332387,6
5,3,0.620459096459097,0.405110012993854,6
6,3,0.294910866910867,0.0485474917859318,6
7,3,0.264483516483516,0.100479391914426,6
8,3,0.291247863247863,0.0790043183380247,6
9,3,0.550593406593407,0.417588908631512,6
10,3,0.558691086691087,0.417953365560759,6
11,3,0.529611721611722,0.420328084908468,6
12,3,0.474930402930403,0.464329531105342,6
13,3,0.623028083028083,0.456051495786759,6
14,3,0.550886446886447,0.512478234701811,6
15,3,0.499155067155067,0.493934952663177,6
16,3,0.677240537240537,0.689022950954203,6
17,3,0.680234432234432,0.486659763650638,6
18,3,0.269675213675214,0.185266243443151,6
19,3,0.220610500610501,0.100822080360251,6
20,3,0.258153846153846,0.135069192364404,6
21,3,0.525514041514042,0.40612013516636,6
22,3,0.458383394383394,0.485105194443857,6
23,3,0.595223443223443,0.507213010888499,6
24,3,0.528669108669109,0.566473777207709,6
25,3,0.811643467643468,0.398484101853425,6
26,3,0.314642246642247,0.243121685908993,6
27,3,0.591223443223443,0.424368066921169,6
28,3,1.09416361416361,1.12075879871643,6
29,3,0.226100122100122,0.0743914764432758,6
30,3,0.450188034188034,0.407653128542975,6
31,3,0.262363858363858,0.0836924697227751,6
32,3,0.528136752136752,0.47420236776363,6
33,3,1.49513064713065,0.928526036426081,6
34,3,1.1546568986569,0.828889758593253,6
35,3,1.07317216117216,0.761505123141099,6
36,3,0.340327228327228,0.0898217990179039,6
37,3,0.265592185592186,0.0800523562167427,6
38,3,0.331653235653236,0.0593776311963882,6
39,3,0.324537240537241,0.0822635275982883,6
40,3,0.659785103785104,0.50554456625999,6
41,3,0.507672771672772,0.563340773920663,6
42,3,0.493582417582418,0.51239677040488,6
43,3,0.467702075702076,0.51494210667639,6
44,3,0.600893772893773,0.468932884889369,6
45,3,0.563052503052503,0.586374543191668,6
46,3,0.482705738705739,0.448060353392206,6
47,3,0.475814407814408,0.485756599316758,6
48,3,0.291233211233211,0.0587190036596206,6
49,3,0.527252747252747,0.494385968460769,6
50,3,0.279555555555556,0.228626151209004,6
51,3,0.527238095238095,0.501431731465035,6
52,3,1.39460317460317,0.652027247412332,6
53,3,0.308888888888889,0.0536602073723353,6
54,3,0.510608058608059,0.38141677892835,6
55,3,0.244595848595849,0.0990564730781909,6
56,3,0.504488400488401,0.439439457180586,6
57,3,1.60405372405372,0.865714832307704,6
58,3,0.290446886446886,0.070362457253762,6
59,3,0.49015873015873,0.400844158376558,6
60,3,0.201089133089133,0.00604520059706342,6
61,3,0.452405372405372,0.30524251809359,6
62,3,0.23958485958486,0.106374542961503,6
63,3,0.527980463980464,0.502963692813778,6
64,3,0.368957264957265,0.135659098354589,6
65,3,0.628019536019536,0.566959722358301,6
66,3,1.05111111111111,0.224067659669156,6
67,3,1.21440293040293,0.885335550992412,6
68,3,1.1755409035409,0.833256881260052,6
69,3,1.17288888888889,0.739207121191082,6
70,3,1.45586813186813,0.655189055187131,6
71,3,0.713172161172161,0.33155661514824,6
72,3,1.2879706959707,0.774909878230387,6
1,3,1.09444444444444,0.0676866418245246,7
2,3,0.951111111111111,0.0428606700488576,7
3,3,0.966666666666667,0.0392994204085053,7
4,3,0.993333333333333,0.0470224532655529,7
5,3,0.911111111111111,0.0277555466595484,7
6,3,0.242222222222222,0.0855266906574481,7
7,3,0.238888888888889,0.0922757542088647,7
8,3,0.175555555555556,0.0650071221169337,7
9,3,0.982222222222222,0.128941560119016,7
10,3,0.866666666666667,0.04618802153517,7
11,3,0.95,0.0854400374531753,7
12,3,0.816666666666667,0.146211414663075,7
13,3,1.07222222222222,0.0365655170486763,7
14,3,0.92,0.0472581562625261,7
15,3,0.901111111111111,0.0189541356769244,7
16,3,1.06555555555556,0.0501479293173189,7
17,3,1.00888888888889,0.0673575314054564,7
18,3,0.178888888888889,0.0279549902786869,7
19,3,0.206666666666667,0.0731057073315377,7
20,3,0.248888888888889,0.0979984882725428,7
21,3,0.982222222222222,0.0107151675122144,7
22,3,0.924444444444445,0.0467063323488527,7
23,3,0.928888888888889,0.0488004250133283,7
24,3,0.912222222222222,0.0667776853391854,7
25,3,1.02111111111111,0.0552100366613548,7
26,3,0.293333333333333,0.0602771377334171,7
27,3,1.35444444444444,0.342771925035573,7
28,3,2.02111111111111,0.081808267263111,7
29,3,0.338888888888889,0.0704220083444037,7
30,3,0.881111111111111,0.0833555525933824,7
31,3,0.242222222222222,0.0772681717809498,7
32,3,1.01888888888889,0.0814680123547705,7
33,3,2.27444444444444,0.124066887575181,7
34,3,2.06888888888889,0.083288877030712,7
35,3,1.87444444444444,0.0478810253920338,7
36,3,0.295555555555556,0.0323751161874077,7
37,3,0.288888888888889,0.0440117829340853,7
38,3,0.284444444444444,0.0397678448181629,7
39,3,0.364444444444445,0.0701057402415438,7
40,3,0.995555555555556,0.080023144800137,7
41,3,0.943333333333333,0.137759855465146,7
42,3,0.884444444444445,0.0435039376676709,7
43,3,0.99,0.0608276253029822,7
44,3,0.918888888888889,0.0704220083444037,7
45,3,0.92,0.0785988408170106,7
46,3,0.887777777777778,0.0770521708781592,7
47,3,1.01333333333333,0.104774890970011,7
48,3,0.248888888888889,0.0550084168643847,7
49,3,1.02888888888889,0.114131178588175,7
50,3,0.225555555555556,0.0816723354041647,7
51,3,0.972222222222222,0.148785204361983,7
52,3,2.04666666666667,0.123423390543824,7
53,3,0.387777777777778,0.022194427061598,7
54,3,0.922222222222222,0.028349668493718,7
55,3,0.282222222222222,0.0555110933190969,7
56,3,0.953333333333333,0.055075705472861,7
57,3,2.19555555555556,0.0333888426695926,7
58,3,0.405555555555556,0.09674326467129,7
59,3,1.02444444444444,0.0620334437875905,7
60,3,0.268888888888889,0.083688133589558,7
61,3,0.897777777777778,0.0579591171366443,7
62,3,0.388888888888889,0.0750061725855008,7
63,3,0.948888888888889,0.0504791852960024,7
64,3,0.368888888888889,0.0510265000142446,7
65,3,0.951111111111111,0.104473991092591,7
66,3,1.85333333333333,0.0907377172587747,7
67,3,2.04666666666667,0.148922052691258,7
68,3,1.94666666666667,0.0230940107675851,7
69,3,1.99888888888889,0.0359526437496965,7
70,3,2.00888888888889,0.0917928424547685,7
71,3,1.49,0.710844568101916,7
72,3,2.56888888888889,1.30709318435703,7
1,3,0.981203907203907,0.112266478064829,8
2,3,0.914998778998779,0.179878995427275,8
3,3,0.953245421245421,0.052533598633269,8
4,3,0.951433455433455,0.177330870531649,8
5,3,0.912034188034188,0.0301155055977019,8
6,3,0.23362148962149,0.123275028365938,8
7,3,0.226849816849817,0.136689814967955,8
8,3,0.528610500610501,0.435984456812757,8
9,3,0.964869352869353,0.0841083153747342,8
10,3,0.942217338217338,0.0970107559121523,8
11,3,0.972344322344322,0.0551920091266172,8
12,3,0.857606837606838,0.123731521331582,8
13,3,0.959919413919414,0.0728986112113062,8
14,3,1.00323076923077,0.18734272474652,8
15,3,0.872258852258852,0.0847551715750362,8
16,3,0.930884004884005,0.27089446209801,8
17,3,0.903159951159951,0.0838754080713056,8
18,3,0.182512820512821,0.0578397659684467,8
19,3,0.197846153846154,0.0727405122131283,8
20,3,0.507240537240537,0.502410318760918,8
21,3,0.934573870573871,0.0195661477085505,8
22,3,0.881262515262515,0.0743564684372975,8
23,3,0.972664224664225,0.115309108461043,8
24,3,0.950542124542124,0.212399461557008,8
25,3,0.99443956043956,0.0367675389904242,8
26,3,0.332339438339438,0.110027341987477,8
27,3,1.12136263736264,0.225395059793042,8
28,3,2.16174603174603,0.379397521359731,8
29,3,0.223514041514041,0.115219704312335,8
30,3,0.454739926739927,0.451458498163314,8
31,3,0.257738705738706,0.15255801655048,8
32,3,0.50973137973138,0.556774985940204,8
33,3,2.30835164835165,0.704193418720801,8
34,3,1.75879365079365,0.506548154178741,8
35,3,1.63328449328449,0.451092833728035,8
36,3,0.303501831501832,0.13651036250004,8
37,3,0.295799755799756,0.0557219957112064,8
38,3,0.24560927960928,0.0978335975533252,8
39,3,0.463626373626374,0.49409691301337,8
40,3,1.03262759462759,0.12912471255751,8
41,3,0.97821978021978,0.0469981253531872,8
42,3,0.900595848595849,0.116823193387447,8
43,3,0.862229548229548,0.216905569797175,8
44,3,0.866358974358974,0.06462734931961,8
45,3,0.960236874236874,0.114390980996495,8
46,3,0.908808302808303,0.0410013444101521,8
47,3,0.751179487179487,0.319581300701487,8
48,3,0.259958485958486,0.151344984441329,8
49,3,0.440625152625153,0.496870008076606,8
50,3,0.236068376068376,0.144311677211882,8
51,3,0.458515262515263,0.527742741193077,8
52,3,2.1188083028083,0.491051809358452,8
53,3,0.276004884004884,0.0693378420149977,8
54,3,0.442185592185592,0.532745711801858,8
55,3,0.163960927960928,0.0448618521291075,8
56,3,0.496625152625153,0.60383340358498,8
57,3,2.08925274725275,0.341668662472584,8
58,3,0.276717948717949,0.0862485438042276,8
59,3,0.476959706959707,0.440817465440765,8
60,3,0.197289377289377,0.0641089269474238,8
61,3,0.544927960927961,0.505227167260786,8
62,3,0.302791208791209,0.0960386452403261,8
63,3,0.536454212454212,0.430607843232513,8
64,3,0.302468864468865,0.0700582012698196,8
65,3,0.5263663003663,0.493941192772353,8
66,3,1.79131623931624,0.481243298122402,8
67,3,1.89466666666667,0.388851299770662,8
68,3,1.82547496947497,0.363175603914758,8
69,3,1.70473504273504,0.426034283370549,8
70,3,1.57321611721612,0.786543196492738,8
71,3,0.887992673992674,0.464905888216632,8
72,3,1.74138461538462,1.1257024888307,8
