RowNr,N,Mean,SD,Instance
1,3,66.3333333333333,2.88675134594813,1
2,3,72.3333333333333,6.11010092660779,1
3,3,72.6666666666667,11.9303534454489,1
4,3,69,9.16515138991168,1
5,3,73.3333333333333,4.04145188432738,1
6,3,74.3333333333333,7.02376916856849,1
7,3,74.6666666666667,10.0166528008778,1
8,3,69.6666666666667,11.7189305541646,1
9,3,67.6666666666667,13.0128141972954,1
10,3,69.6666666666667,4.04145188432738,1
11,3,71,18.0277563773199,1
12,3,69.6666666666667,6.50640709864771,1
13,3,73,9.16515138991168,1
14,3,76.3333333333333,7.50555349946514,1
15,3,72,7.93725393319377,1
16,3,83.6666666666667,8.7368949480541,1
17,3,74.6666666666667,8.38649708360608,1
18,3,80,10.4403065089106,1
19,3,76.3333333333333,9.86576572463249,1
20,3,78.3333333333333,2.51661147842358,1
21,3,74.3333333333333,7.02376916856849,1
22,3,73.6666666666667,14.4683562761405,1
23,3,78,10.5830052442584,1
24,3,62.6666666666667,32.7159492195066,1
25,3,73.6666666666667,3.78593889720018,1
26,3,72.3333333333333,10.9696551146029,1
27,3,74.6666666666667,10.1159939369957,1
28,3,75.3333333333333,10.0166528008778,1
29,3,75,6.08276253029822,1
30,3,75.6666666666667,4.50924975282289,1
31,3,76,11,1
32,3,76,7.93725393319377,1
33,3,78,6.08276253029822,1
34,3,80.3333333333333,11.5902257671425,1
35,3,71.6666666666667,12.3423390543824,1
36,3,75.3333333333333,8.50490054811538,1
37,3,74.6666666666667,6.11010092660779,1
38,3,72.6666666666667,8.02080627701064,1
39,3,71.6666666666667,3.78593889720018,1
40,3,70,4.35889894354067,1
41,3,69.3333333333333,6.65832811847939,1
42,3,70,6.08276253029822,1
43,3,74,6.2449979983984,1
44,3,71.6666666666667,5.68624070307733,1
45,3,75.6666666666667,11.3724814061547,1
46,3,73,3,1
47,3,72.3333333333333,7.76745346515403,1
48,3,75.3333333333333,4.04145188432738,1
49,3,78,6.2449979983984,1
50,3,78.6666666666667,8.02080627701064,1
51,3,81,5,1
52,3,72.3333333333333,11.9303534454489,1
53,3,76.6666666666667,10.785793124909,1
54,3,75.6666666666667,7.37111479583199,1
55,3,74,11.13552872566,1
56,3,74.6666666666667,7.37111479583199,1
57,3,72.3333333333333,10.9696551146029,1
58,3,76.6666666666667,5.68624070307733,1
59,3,77.3333333333333,7.50555349946514,1
60,3,73.3333333333333,9.07377172587747,1
61,3,79.3333333333333,7.09459888459759,1
62,3,79.6666666666667,8.08290376865476,1
63,3,83.3333333333333,10.0166528008778,1
64,3,84,7.21110255092798,1
65,3,84.3333333333333,9.07377172587747,1
66,3,81.6666666666667,12.8582010146573,1
67,3,81.3333333333333,9.86576572463249,1
68,3,74,5.29150262212918,1
69,3,76.6666666666667,6.50640709864771,1
70,3,79.6666666666667,8.50490054811538,1
71,3,81.6666666666667,11.0151410945722,1
72,3,83.6666666666667,12.0138808606267,1
1,3,69.6666666666667,3.78593889720018,2
2,3,71.3333333333333,4.16333199893227,2
3,3,74,5.56776436283002,2
4,3,70.3333333333333,3.21455025366432,2
5,3,77.3333333333333,4.72581562625261,2
6,3,70,7,2
7,3,68,17.4355957741627,2
8,3,69,15.6204993518133,2
9,3,76.3333333333333,4.16333199893227,2
10,3,69.6666666666667,7.50555349946514,2
11,3,67.6666666666667,10.0166528008778,2
12,3,66.6666666666667,7.63762615825973,2
13,3,73.6666666666667,6.65832811847939,2
14,3,69.6666666666667,10.2632028788938,2
15,3,77.3333333333333,9.07377172587747,2
16,3,80,3.60555127546399,2
17,3,84,3.60555127546399,2
18,3,77.3333333333333,9.07377172587747,2
19,3,76.6666666666667,17.0977581376429,2
20,3,79.3333333333333,15.1437555888007,2
21,3,80.3333333333333,11.9303534454489,2
22,3,75,7.93725393319377,2
23,3,69.3333333333333,15.5349069303081,2
24,3,77.3333333333333,15.0443787951957,2
25,3,71.3333333333333,16.2583311976763,2
26,3,74,15.3948043183407,2
27,3,73,20.952326839757,2
28,3,71,14.7986485869487,2
29,3,77.6666666666667,10.0664459136943,2
30,3,75,13,2
31,3,75.6666666666667,16.9213868619961,2
32,3,75.3333333333333,21.7791949652262,2
33,3,76,19.672315572906,2
34,3,80.6666666666667,9.71253485622231,2
35,3,75.3333333333333,13.4288247189891,2
36,3,68.6666666666667,10.6926766215636,2
37,3,73.3333333333333,6.50640709864771,2
38,3,74,7,2
39,3,74.6666666666667,13.8684293751431,2
40,3,77.3333333333333,8.14452781524708,2
41,3,73.6666666666667,4.04145188432738,2
42,3,70,7.93725393319377,2
43,3,74.6666666666667,16.0416125540213,2
44,3,74.6666666666667,11.0151410945722,2
45,3,71,9.16515138991168,2
46,3,73.3333333333333,8.9628864398325,2
47,3,66,17.3493515728975,2
48,3,80.3333333333333,12.3423390543824,2
49,3,78,15.6204993518133,2
50,3,81.6666666666667,13.5030860670194,2
51,3,79,17.058722109232,2
52,3,71,18.0831413200251,2
53,3,76,14.1067359796659,2
54,3,77.3333333333333,12.0554275466834,2
55,3,71,15.3948043183407,2
56,3,76.3333333333333,17.0391705588427,2
57,3,73.3333333333333,18.6100331362771,2
58,3,75.3333333333333,13.5769412362775,2
59,3,81,13.4536240470737,2
60,3,81,14.7986485869487,2
61,3,85.3333333333333,10.5039675043925,2
62,3,91,10,2
63,3,86.6666666666667,7.50555349946514,2
64,3,89,15.0996688705415,2
65,3,94.6666666666667,13.6503968196288,2
66,3,94.6666666666667,8.08290376865476,2
67,3,85.6666666666667,4.72581562625261,2
68,3,79,9.53939201416946,2
69,3,89,8.54400374531753,2
70,3,80,16.3707055437449,2
71,3,82.3333333333333,21.3619599600162,2
72,3,80,19.9749843554382,2
1,3,64,4.58257569495584,3
2,3,63,3.60555127546399,3
3,3,65,7,3
4,3,62.6666666666667,4.04145188432738,3
5,3,68.3333333333333,3.21455025366432,3
6,3,66.3333333333333,3.51188458428425,3
7,3,66,2.64575131106459,3
8,3,71,4.58257569495584,3
9,3,67.3333333333333,2.51661147842358,3
10,3,67.6666666666667,4.50924975282289,3
11,3,65,10,3
12,3,65.3333333333333,8.02080627701064,3
13,3,69.3333333333333,4.50924975282289,3
14,3,66,3.60555127546399,3
15,3,68,5.56776436283002,3
16,3,69,2.64575131106459,3
17,3,70.6666666666667,5.5075705472861,3
18,3,65,6.08276253029822,3
19,3,68.3333333333333,5.68624070307733,3
20,3,63.6666666666667,11.3724814061547,3
21,3,67.6666666666667,3.78593889720018,3
22,3,64.3333333333333,11.0151410945722,3
23,3,68,10,3
24,3,64.6666666666667,5.85946527708232,3
25,3,64.6666666666667,6.02771377334171,3
26,3,66,2.64575131106459,3
27,3,59,1.73205080756888,3
28,3,58.6666666666667,6.02771377334171,3
29,3,67.3333333333333,3.51188458428425,3
30,3,65,3,3
31,3,61.6666666666667,4.04145188432738,3
32,3,62.6666666666667,1.52752523165195,3
33,3,63,3,3
34,3,65,2.64575131106459,3
35,3,64.6666666666667,7.57187779440037,3
36,3,65,2,3
37,3,62.6666666666667,1.15470053837925,3
38,3,61.3333333333333,4.04145188432738,3
39,3,59.6666666666667,4.16333199893227,3
40,3,69,5.56776436283002,3
41,3,65,8.88819441731559,3
42,3,66.3333333333333,10.4083299973307,3
43,3,65.6666666666667,9.01849950564579,3
44,3,67.3333333333333,7.63762615825973,3
45,3,65.6666666666667,5.13160143944688,3
46,3,67.3333333333333,4.72581562625261,3
47,3,64.3333333333333,9.29157324317757,3
48,3,64.6666666666667,6.02771377334171,3
49,3,66.6666666666667,2.88675134594813,3
50,3,62,6.92820323027551,3
51,3,66,2.64575131106459,3
52,3,57,2.64575131106459,3
53,3,61.6666666666667,11.0151410945722,3
54,3,68.3333333333333,7.09459888459759,3
55,3,67.3333333333333,2.88675134594813,3
56,3,65.3333333333333,10.1159939369957,3
57,3,64,6,3
58,3,67,6,3
59,3,68.3333333333333,2.3094010767585,3
60,3,67.6666666666667,2.08166599946613,3
61,3,69.6666666666667,4.04145188432738,3
62,3,71,1,3
63,3,76.3333333333333,7.63762615825973,3
64,3,73.6666666666667,5.85946527708232,3
65,3,73.3333333333333,7.09459888459759,3
66,3,72,4,3
67,3,71,11.2694276695846,3
68,3,66,6.92820323027551,3
69,3,69.3333333333333,5.68624070307733,3
70,3,69.6666666666667,5.85946527708232,3
71,3,67,6.08276253029822,3
72,3,67.6666666666667,4.50924975282289,3
1,3,68.3333333333333,2.3094010767585,4
2,3,71.3333333333333,6.02771377334171,4
3,3,67,7.54983443527075,4
4,3,67.3333333333333,5.5075705472861,4
5,3,69.6666666666667,15.0443787951957,4
6,3,62.6666666666667,5.85946527708232,4
7,3,65.6666666666667,10.0166528008778,4
8,3,66.3333333333333,11.0151410945722,4
9,3,69.3333333333333,12.6622799421484,4
10,3,68.6666666666667,8.14452781524708,4
11,3,61.3333333333333,10.1159939369957,4
12,3,65,6.557438524302,4
13,3,68,8.88819441731559,4
14,3,68.3333333333333,6.11010092660779,4
15,3,66,7.93725393319377,4
16,3,70.6666666666667,7.23417813807024,4
17,3,67.6666666666667,12.5830573921179,4
18,3,63,5.19615242270663,4
19,3,64.3333333333333,7.23417813807024,4
20,3,60.3333333333333,19.3476958145753,4
21,3,68,8,4
22,3,62.6666666666667,10.785793124909,4
23,3,60.6666666666667,10.0166528008778,4
24,3,64.6666666666667,6.80685928555405,4
25,3,62.3333333333333,7.02376916856849,4
26,3,66.6666666666667,7.76745346515403,4
27,3,64.6666666666667,13.0511813003013,4
28,3,66.3333333333333,14.5716619962629,4
29,3,64.3333333333333,5.5075705472861,4
30,3,63,5.29150262212918,4
31,3,61.3333333333333,14.0118997046558,4
32,3,63,12.2882057274445,4
33,3,62.6666666666667,5.5075705472861,4
34,3,66.6666666666667,4.93288286231625,4
35,3,66,9,4
36,3,65,2,4
37,3,67,6.557438524302,4
38,3,62.6666666666667,3.05505046330389,4
39,3,65.3333333333333,2.51661147842358,4
40,3,68.3333333333333,4.04145188432738,4
41,3,61.3333333333333,5.13160143944688,4
42,3,59,5.19615242270663,4
43,3,61.3333333333333,11.9303534454489,4
44,3,61.6666666666667,4.04145188432738,4
45,3,63.3333333333333,11.1504857891185,4
46,3,63.3333333333333,8.62167810425171,4
47,3,53,21.7944947177034,4
48,3,65.6666666666667,8.38649708360608,4
49,3,67,8.88819441731559,4
50,3,68,8.18535277187245,4
51,3,69.6666666666667,12.0554275466834,4
52,3,62.6666666666667,5.85946527708232,4
53,3,64,1.73205080756888,4
54,3,64.3333333333333,9.29157324317757,4
55,3,65.6666666666667,7.57187779440037,4
56,3,65,11.2694276695846,4
57,3,62,5,4
58,3,71.3333333333333,4.16333199893227,4
59,3,69.3333333333333,2.3094010767585,4
60,3,75,6.2449979983984,4
61,3,72.3333333333333,4.04145188432738,4
62,3,74.6666666666667,5.03322295684717,4
63,3,70.3333333333333,13.7961347243833,4
64,3,74.3333333333333,0.577350269189626,4
65,3,74,8.88819441731559,4
66,3,77.6666666666667,13.0128141972954,4
67,3,74,4,4
68,3,73.3333333333333,3.21455025366432,4
69,3,74,5.29150262212918,4
70,3,73.6666666666667,6.80685928555405,4
71,3,68.6666666666667,7.02376916856849,4
72,3,68.6666666666667,11.8462370959446,4
1,3,66,5.29150262212918,5
2,3,71.3333333333333,0.577350269189626,5
3,3,74.3333333333333,7.09459888459759,5
4,3,69.6666666666667,3.78593889720018,5
5,3,76.6666666666667,1.52752523165195,5
6,3,72,7.21110255092798,5
7,3,72,8.18535277187245,5
8,3,72.6666666666667,6.42910050732864,5
9,3,75,7.54983443527075,5
10,3,73,2.64575131106459,5
11,3,75,6,5
12,3,69,7.21110255092798,5
13,3,72.3333333333333,5.5075705472861,5
14,3,73.3333333333333,6.65832811847939,5
15,3,78,2.64575131106459,5
16,3,82.3333333333333,7.76745346515403,5
17,3,76.6666666666667,3.21455025366432,5
18,3,75.3333333333333,8.50490054811538,5
19,3,77,5.29150262212918,5
20,3,76.3333333333333,6.11010092660779,5
21,3,73.3333333333333,5.5075705472861,5
22,3,74.3333333333333,5.85946527708232,5
23,3,73,6.2449979983984,5
24,3,73.6666666666667,3.21455025366432,5
25,3,69.6666666666667,6.11010092660779,5
26,3,72.6666666666667,7.09459888459759,5
27,3,71.6666666666667,8.7368949480541,5
28,3,71.3333333333333,7.50555349946514,5
29,3,70,7.21110255092798,5
30,3,70,6.2449979983984,5
31,3,74.6666666666667,7.50555349946514,5
32,3,72,5.56776436283002,5
33,3,71.6666666666667,2.88675134594813,5
34,3,74.3333333333333,10.2143689640297,5
35,3,70.3333333333333,4.93288286231625,5
36,3,71,4.58257569495584,5
37,3,73.6666666666667,5.13160143944688,5
38,3,72,5.56776436283002,5
39,3,67.6666666666667,7.57187779440037,5
40,3,75.3333333333333,8.08290376865476,5
41,3,71,2.64575131106459,5
42,3,66,6.92820323027551,5
43,3,73.3333333333333,1.52752523165195,5
44,3,69.6666666666667,6.50640709864771,5
45,3,77.6666666666667,3.51188458428425,5
46,3,73.3333333333333,3.21455025366432,5
47,3,71.3333333333333,6.50640709864771,5
48,3,79,3,5
49,3,80,5.56776436283002,5
50,3,79.3333333333333,2.51661147842358,5
51,3,79,3.60555127546399,5
52,3,74,7,5
53,3,78.6666666666667,4.04145188432738,5
54,3,74.6666666666667,8.50490054811538,5
55,3,75.3333333333333,6.02771377334171,5
56,3,72.3333333333333,10.1159939369957,5
57,3,73.3333333333333,8.38649708360608,5
58,3,67.6666666666667,14.5716619962629,5
59,3,77.3333333333333,1.52752523165195,5
60,3,75.6666666666667,5.03322295684717,5
61,3,74.3333333333333,9.86576572463249,5
62,3,76.6666666666667,4.50924975282289,5
63,3,77,4,5
64,3,76.6666666666667,3.51188458428425,5
65,3,71.3333333333333,2.3094010767585,5
66,3,80,4.58257569495584,5
67,3,75.3333333333333,3.51188458428425,5
68,3,74.3333333333333,6.65832811847939,5
69,3,76,6.557438524302,5
70,3,78.6666666666667,5.5075705472861,5
71,3,78.6666666666667,10.0166528008778,5
72,3,79.6666666666667,12.3423390543824,5
1,3,62,13.856406460551,6
2,3,66.3333333333333,4.72581562625261,6
3,3,68.3333333333333,4.72581562625261,6
4,3,68,3.60555127546399,6
5,3,72,3.46410161513775,6
6,3,65.6666666666667,4.04145188432738,6
7,3,65.6666666666667,2.51661147842358,6
8,3,66,4,6
9,3,71.6666666666667,3.21455025366432,6
10,3,69.3333333333333,1.15470053837925,6
11,3,71.3333333333333,0.577350269189626,6
12,3,68,3,6
13,3,69.6666666666667,1.52752523165195,6
14,3,74,4.35889894354067,6
15,3,73.6666666666667,2.51661147842358,6
16,3,75.3333333333333,9.01849950564579,6
17,3,73.6666666666667,6.50640709864771,6
18,3,71,12.2882057274445,6
19,3,76.3333333333333,10.0664459136943,6
20,3,73.6666666666667,3.51188458428425,6
21,3,71.6666666666667,7.76745346515403,6
22,3,74.6666666666667,3.21455025366432,6
23,3,72.6666666666667,2.51661147842358,6
24,3,74,2.64575131106459,6
25,3,71.3333333333333,2.3094010767585,6
26,3,71.6666666666667,1.52752523165195,6
27,3,70,7.81024967590665,6
28,3,64.6666666666667,15.0111069989303,6
29,3,72.6666666666667,8.9628864398325,6
30,3,69,2.64575131106459,6
31,3,73,1.73205080756888,6
32,3,71,4.58257569495584,6
33,3,66.3333333333333,4.16333199893227,6
34,3,77.3333333333333,10.1159939369957,6
35,3,73.6666666666667,8.9628864398325,6
36,3,71.6666666666667,4.50924975282289,6
37,3,76,9,6
38,3,77.3333333333333,10.0166528008778,6
39,3,74.3333333333333,5.85946527708232,6
40,3,73,5.29150262212918,6
41,3,70,4,6
42,3,70,2,6
43,3,73.6666666666667,3.21455025366432,6
44,3,73.6666666666667,2.08166599946613,6
45,3,72,7.93725393319377,6
46,3,73,1.73205080756888,6
47,3,71.3333333333333,2.08166599946613,6
48,3,77,3,6
49,3,75.3333333333333,5.5075705472861,6
50,3,77.3333333333333,3.21455025366432,6
51,3,75.6666666666667,9.07377172587747,6
52,3,62.3333333333333,15.502687938978,6
53,3,76.3333333333333,11.1504857891185,6
54,3,74.6666666666667,1.15470053837925,6
55,3,74.3333333333333,5.5075705472861,6
56,3,70.3333333333333,6.65832811847939,6
57,3,65,9.16515138991168,6
58,3,74.3333333333333,6.35085296108588,6
59,3,73,2,6
60,3,70.3333333333333,9.60902353693305,6
61,3,77.3333333333333,6.11010092660779,6
62,3,81,2,6
63,3,83,6,6
64,3,81.3333333333333,6.02771377334171,6
65,3,80.6666666666667,9.07377172587747,6
66,3,78.3333333333333,10.0166528008778,6
67,3,74.3333333333333,4.50924975282289,6
68,3,70.6666666666667,10.0166528008778,6
69,3,70.6666666666667,7.23417813807024,6
70,3,71.6666666666667,15.1437555888007,6
71,3,71.3333333333333,10.0166528008778,6
72,3,69.6666666666667,12.5830573921179,6
1,3,61,1.73205080756888,7
2,3,69,4.35889894354067,7
3,3,66,1.73205080756888,7
4,3,64.3333333333333,6.42910050732864,7
5,3,66.6666666666667,3.05505046330389,7
6,3,56,13.076696830622,7
7,3,59,7.93725393319377,7
8,3,63,5.29150262212918,7
9,3,62.6666666666667,2.51661147842358,7
10,3,68.3333333333333,8.14452781524708,7
11,3,70,4.58257569495584,7
12,3,68.6666666666667,7.57187779440037,7
13,3,69,1.73205080756888,7
14,3,71.3333333333333,8.32666399786453,7
15,3,75.6666666666667,9.23760430703401,7
16,3,76.3333333333333,4.61880215351701,7
17,3,77,1.73205080756888,7
18,3,67,2.64575131106459,7
19,3,65.6666666666667,1.15470053837925,7
20,3,68.3333333333333,2.08166599946613,7
21,3,67.6666666666667,4.16333199893227,7
22,3,73,9.53939201416946,7
23,3,72.3333333333333,6.02771377334171,7
24,3,74,6.2449979983984,7
25,3,72.6666666666667,5.77350269189626,7
26,3,70.3333333333333,3.05505046330389,7
27,3,68.3333333333333,3.51188458428425,7
28,3,62.6666666666667,4.04145188432738,7
29,3,58.3333333333333,10.4083299973307,7
30,3,58,6.557438524302,7
31,3,58,4.35889894354067,7
32,3,56.6666666666667,4.61880215351701,7
33,3,59.3333333333333,4.93288286231625,7
34,3,68,6.08276253029822,7
35,3,66.3333333333333,4.04145188432738,7
36,3,58.6666666666667,6.65832811847939,7
37,3,58.3333333333333,8.02080627701064,7
38,3,59.6666666666667,4.93288286231625,7
39,3,61.6666666666667,0.577350269189626,7
40,3,60.3333333333333,6.50640709864771,7
41,3,68,6,7
42,3,65,4.35889894354067,7
43,3,70,4.35889894354067,7
44,3,73,3.60555127546399,7
45,3,71.6666666666667,4.72581562625261,7
46,3,68.6666666666667,2.88675134594813,7
47,3,62.3333333333333,4.50924975282289,7
48,3,66,3.46410161513775,7
49,3,61.3333333333333,4.72581562625261,7
50,3,66,2.64575131106459,7
51,3,60.3333333333333,1.52752523165195,7
52,3,55.3333333333333,6.65832811847939,7
53,3,54.3333333333333,17.0391705588427,7
54,3,56.3333333333333,7.76745346515403,7
55,3,60,6.08276253029822,7
56,3,54,5.56776436283002,7
57,3,53.3333333333333,4.04145188432738,7
58,3,59.3333333333333,10.9696551146029,7
59,3,61.3333333333333,8.14452781524708,7
60,3,64.6666666666667,6.65832811847939,7
61,3,67.6666666666667,0.577350269189626,7
62,3,70.6666666666667,1.52752523165195,7
63,3,70.3333333333333,5.03322295684717,7
64,3,73,2.64575131106459,7
65,3,72.6666666666667,1.52752523165195,7
66,3,76.6666666666667,1.15470053837925,7
67,3,74.6666666666667,1.15470053837925,7
68,3,73,5.56776436283002,7
69,3,74,4.58257569495584,7
70,3,72.3333333333333,4.72581562625261,7
71,3,71,7.93725393319377,7
72,3,69.3333333333333,4.04145188432738,7
1,3,60.6666666666667,12.5830573921179,8
2,3,66.6666666666667,9.01849950564579,8
3,3,67.3333333333333,14.1891977691952,8
4,3,64.3333333333333,15.6311654502578,8
5,3,73,18.7349939951952,8
6,3,72,14,8
7,3,74,15.52417469626,8
8,3,72.3333333333333,19.2180470738661,8
9,3,69,12.5299640861417,8
10,3,69,13.5277492584687,8
11,3,73.3333333333333,13.8684293751431,8
12,3,66,10.1488915650922,8
13,3,76,14.525839046334,8
14,3,69,7.21110255092798,8
15,3,75,12.4899959967968,8
16,3,72.3333333333333,12.0968315410827,8
17,3,75.6666666666667,15.0111069989303,8
18,3,72.3333333333333,10.6926766215636,8
19,3,71.3333333333333,12.5033328890074,8
20,3,76,20.0748598998847,8
21,3,72,18.5202591774521,8
22,3,73.3333333333333,15.0111069989303,8
23,3,72.3333333333333,17.6162803489651,8
24,3,71.6666666666667,18.5562208796224,8
25,3,74.3333333333333,20.5020324195757,8
26,3,73.3333333333333,18.2300118851671,8
27,3,71.6666666666667,21.5019378971602,8
28,3,64.3333333333333,20.5020324195757,8
29,3,63.3333333333333,17.0391705588427,8
30,3,68.6666666666667,13.6503968196288,8
31,3,69.3333333333333,14.5028732785381,8
32,3,72,14.1067359796659,8
33,3,71.3333333333333,16.5025250593154,8
34,3,73,11.3578166916005,8
35,3,73.3333333333333,13.5030860670194,8
36,3,72,11,8
37,3,71,13.856406460551,8
38,3,69.6666666666667,14.2243921955679,8
39,3,68.6666666666667,15.0111069989303,8
40,3,68.6666666666667,12.5033328890074,8
41,3,66.3333333333333,12.0554275466834,8
42,3,68.3333333333333,14.047538337137,8
43,3,69.6666666666667,14.5716619962629,8
44,3,69.6666666666667,9.86576572463249,8
45,3,67.6666666666667,11.5036226178249,8
46,3,68,9.53939201416946,8
47,3,69.3333333333333,12.0554275466834,8
48,3,73.3333333333333,17.0391705588427,8
49,3,70.6666666666667,16.5025250593154,8
50,3,70.6666666666667,16.8621864932557,8
51,3,70.6666666666667,14.3643076176102,8
52,3,65.3333333333333,17.925772879665,8
53,3,71.3333333333333,24.7857485933617,8
54,3,70.6666666666667,20.7444771766688,8
55,3,66,19.313207915828,8
56,3,71.3333333333333,17.5594229214212,8
57,3,70,22.6053091109146,8
58,3,75.6666666666667,11.0151410945722,8
59,3,68,14.7309198626562,8
60,3,73.3333333333333,16.0104132780304,8
61,3,73.3333333333333,22.1885856541902,8
62,3,76,21.6564078277077,8
63,3,79,21.9317121994613,8
64,3,80,26.4575131106459,8
65,3,78.3333333333333,22.1885856541902,8
66,3,84,24.4335834457412,8
67,3,75,23.0651251893416,8
68,3,73,19.9749843554382,8
69,3,78,21.7944947177034,8
70,3,75.3333333333333,20.8406653764541,8
71,3,71.3333333333333,25.4230866208911,8
72,3,72.6666666666667,21.3619599600162,8
