RowNr,N,Mean,SD,Instance
1,3,65,4.35889894354067,1
2,3,71.3333333333333,0.577350269189626,1
3,3,74.6666666666667,7.02376916856849,1
4,3,71.3333333333333,3.78593889720018,1
5,3,79.6666666666667,3.78593889720018,1
6,3,71.6666666666667,7.63762615825973,1
7,3,74.3333333333333,8.32666399786453,1
8,3,75,6.2449979983984,1
9,3,78,8.66025403784439,1
10,3,74.3333333333333,4.04145188432738,1
11,3,74.3333333333333,6.11010092660779,1
12,3,72,5,1
13,3,76.3333333333333,1.52752523165195,1
14,3,76.3333333333333,2.3094010767585,1
15,3,75.3333333333333,6.02771377334171,1
16,3,82,7.93725393319377,1
17,3,77.6666666666667,4.16333199893227,1
18,3,75,9,1
19,3,76,7,1
20,3,75.3333333333333,6.65832811847939,1
21,3,76,3,1
22,3,76,4.58257569495584,1
23,3,75,3,1
24,3,73.6666666666667,3.21455025366432,1
25,3,69.6666666666667,6.11010092660779,1
26,3,74,5,1
27,3,76,2.64575131106459,1
28,3,76,4.35889894354067,1
29,3,71.6666666666667,4.50924975282289,1
30,3,71.3333333333333,4.04145188432738,1
31,3,77.6666666666667,2.3094010767585,1
32,3,71,6.08276253029822,1
33,3,71,3.60555127546399,1
34,3,74,10.4403065089106,1
35,3,72.6666666666667,4.93288286231625,1
36,3,69.3333333333333,5.85946527708232,1
37,3,73,6.2449979983984,1
38,3,70.6666666666667,7.76745346515403,1
39,3,69.6666666666667,4.16333199893227,1
40,3,72.6666666666667,7.02376916856849,1
41,3,69,2.64575131106459,1
42,3,68.3333333333333,2.88675134594813,1
43,3,72,1,1
44,3,70.6666666666667,5.03322295684717,1
45,3,77,3.60555127546399,1
46,3,73.3333333333333,3.21455025366432,1
47,3,70.6666666666667,7.50555349946514,1
48,3,77,6.2449979983984,1
49,3,78.6666666666667,7.76745346515403,1
50,3,76.3333333333333,6.02771377334171,1
51,3,77.3333333333333,6.02771377334171,1
52,3,74.3333333333333,6.42910050732864,1
53,3,75.6666666666667,8.7368949480541,1
54,3,72,12.7671453348037,1
55,3,73,6.92820323027551,1
56,3,74,8.88819441731559,1
57,3,73,8.71779788708135,1
58,3,68.3333333333333,15.0443787951957,1
59,3,76,3.60555127546399,1
60,3,77.3333333333333,5.5075705472861,1
61,3,73.6666666666667,9.45163125250522,1
62,3,79.3333333333333,2.08166599946613,1
63,3,74.3333333333333,8.32666399786453,1
64,3,77,3,1
65,3,69.3333333333333,5.03322295684717,1
66,3,78.6666666666667,4.72581562625261,1
67,3,76.3333333333333,3.78593889720018,1
68,3,74.6666666666667,6.80685928555405,1
69,3,77,6.557438524302,1
70,3,79.6666666666667,5.03322295684717,1
71,3,79,9.8488578017961,1
72,3,77,12.1243556529821,1
1,3,59.6666666666667,3.05505046330389,2
2,3,63,10.816653826392,2
3,3,64.3333333333333,8.14452781524708,2
4,3,59.6666666666667,10.6926766215636,2
5,3,62.3333333333333,5.68624070307733,2
6,3,55.3333333333333,15.6311654502578,2
7,3,60.6666666666667,12.8970280814354,2
8,3,60,7.93725393319377,2
9,3,63.3333333333333,4.16333199893227,2
10,3,68,6,2
11,3,71,6,2
12,3,68.3333333333333,3.51188458428425,2
13,3,68.3333333333333,9.60902353693305,2
14,3,66,12.5299640861417,2
15,3,71.3333333333333,9.50438495292217,2
16,3,69,8.71779788708135,2
17,3,68.3333333333333,7.09459888459759,2
18,3,65.6666666666667,3.78593889720018,2
19,3,65,7.21110255092798,2
20,3,66.6666666666667,8.7368949480541,2
21,3,67,8.71779788708135,2
22,3,72.3333333333333,11.5902257671425,2
23,3,67.3333333333333,12.2202018532156,2
24,3,65.3333333333333,16.5025250593154,2
25,3,69.3333333333333,9.86576572463249,2
26,3,65.6666666666667,10.2143689640297,2
27,3,65.3333333333333,8.32666399786453,2
28,3,58,11.2694276695846,2
29,3,54,8.54400374531753,2
30,3,60,10.5356537528527,2
31,3,56.6666666666667,11.5902257671425,2
32,3,56.6666666666667,16.1658075373095,2
33,3,59.3333333333333,10.4083299973307,2
34,3,62.6666666666667,6.80685928555405,2
35,3,67,7.93725393319377,2
36,3,61,9.64365076099295,2
37,3,58.6666666666667,4.50924975282289,2
38,3,61.3333333333333,2.08166599946613,2
39,3,64.3333333333333,3.21455025366432,2
40,3,61.3333333333333,1.52752523165195,2
41,3,65.3333333333333,8.50490054811538,2
42,3,64,6.08276253029822,2
43,3,67.3333333333333,6.80685928555405,2
44,3,66,10.5356537528527,2
45,3,67.6666666666667,9.50438495292217,2
46,3,68.3333333333333,4.04145188432738,2
47,3,65,4.35889894354067,2
48,3,65.6666666666667,7.76745346515403,2
49,3,60,7.93725393319377,2
50,3,62.6666666666667,5.5075705472861,2
51,3,60.3333333333333,4.50924975282289,2
52,3,52.6666666666667,3.05505046330389,2
53,3,49,16.0934769394311,2
54,3,53,12.7671453348037,2
55,3,56.6666666666667,5.5075705472861,2
56,3,57,13.8924439894498,2
57,3,57.6666666666667,15.8850034099251,2
58,3,63,11.13552872566,2
59,3,60.3333333333333,9.71253485622231,2
60,3,61.3333333333333,11.6761865920913,2
61,3,62,11.3578166916005,2
62,3,62.3333333333333,7.63762615825973,2
63,3,65,9,2
64,3,65.6666666666667,7.50555349946514,2
65,3,64.6666666666667,11.8462370959446,2
66,3,68.3333333333333,10.785793124909,2
67,3,65,10.1488915650922,2
68,3,61.6666666666667,9.60902353693305,2
69,3,67.3333333333333,8.02080627701064,2
70,3,67.6666666666667,10.4083299973307,2
71,3,63.3333333333333,15.1767365837763,2
72,3,63.6666666666667,6.50640709864771,2
1,3,67.6666666666667,2.51661147842358,3
2,3,66.6666666666667,10.6926766215636,3
3,3,70.3333333333333,11.5902257671425,3
4,3,66.6666666666667,9.60902353693305,3
5,3,71,5.56776436283002,3
6,3,69.6666666666667,10.0166528008778,3
7,3,71.6666666666667,11.7189305541646,3
8,3,73,8.88819441731559,3
9,3,74,7,3
10,3,67.6666666666667,4.50924975282289,3
11,3,70.6666666666667,15.502687938978,3
12,3,68,9.8488578017961,3
13,3,72,8.18535277187245,3
14,3,73.6666666666667,9.60902353693305,3
15,3,73,5.56776436283002,3
16,3,78,12.1243556529821,3
17,3,74,6,3
18,3,69.6666666666667,13.8684293751431,3
19,3,70,9.8488578017961,3
20,3,67.3333333333333,15.1767365837763,3
21,3,69.6666666666667,9.86576572463249,3
22,3,69,15.0996688705415,3
23,3,73.6666666666667,16.0104132780304,3
24,3,71.3333333333333,13.0128141972954,3
25,3,70.3333333333333,10.0166528008778,3
26,3,72.3333333333333,9.01849950564579,3
27,3,68.6666666666667,10.2632028788938,3
28,3,68.3333333333333,13.0511813003013,3
29,3,76,8.18535277187245,3
30,3,68.6666666666667,7.02376916856849,3
31,3,73.3333333333333,13.0511813003013,3
32,3,70.6666666666667,10.0166528008778,3
33,3,70.3333333333333,12.7017059221718,3
34,3,73.3333333333333,12.0554275466834,3
35,3,66.6666666666667,9.71253485622231,3
36,3,73,10.5356537528527,3
37,3,73.3333333333333,8.32666399786453,3
38,3,76,12.2882057274445,3
39,3,70.6666666666667,13.7961347243833,3
40,3,71.6666666666667,7.57187779440037,3
41,3,66.6666666666667,10.4083299973307,3
42,3,67.6666666666667,9.50438495292217,3
43,3,68.6666666666667,11.060440015358,3
44,3,70,9.8488578017961,3
45,3,69.3333333333333,13.6503968196288,3
46,3,70,7.21110255092798,3
47,3,69,13.7477270848675,3
48,3,70.6666666666667,10.4083299973307,3
49,3,73.3333333333333,10.4083299973307,3
50,3,73.3333333333333,14.5716619962629,3
51,3,75.3333333333333,9.45163125250522,3
52,3,66,14,3
53,3,75.6666666666667,23.094010767585,3
54,3,74,11.13552872566,3
55,3,77.3333333333333,8.50490054811538,3
56,3,71.6666666666667,11.5036226178249,3
57,3,69.3333333333333,10.1159939369957,3
58,3,74,11.5325625946708,3
59,3,74.3333333333333,9.45163125250522,3
60,3,76,8.88819441731559,3
61,3,74.6666666666667,11.2398102000582,3
62,3,77.3333333333333,6.35085296108588,3
63,3,77.3333333333333,9.50438495292217,3
64,3,79.6666666666667,11.6761865920913,3
65,3,76.3333333333333,10.6926766215636,3
66,3,78,9.53939201416946,3
67,3,72.6666666666667,14.047538337137,3
68,3,68,9.16515138991168,3
69,3,69,7.21110255092798,3
70,3,71.3333333333333,12.7410099024109,3
71,3,76,16.5227116418583,3
72,3,75.6666666666667,17.7857620959388,3
1,3,59.6666666666667,14.0118997046558,4
2,3,68.6666666666667,2.3094010767585,4
3,3,69.3333333333333,6.02771377334171,4
4,3,66,3.60555127546399,4
5,3,74,6.2449979983984,4
6,3,70.6666666666667,1.15470053837925,4
7,3,67,7.54983443527075,4
8,3,64,4.35889894354067,4
9,3,69.6666666666667,2.88675134594813,4
10,3,69.3333333333333,1.15470053837925,4
11,3,72,5,4
12,3,67,1.73205080756888,4
13,3,72.3333333333333,4.50924975282289,4
14,3,73,7.21110255092798,4
15,3,74.3333333333333,5.77350269189626,4
16,3,70.6666666666667,10.785793124909,4
17,3,72.3333333333333,9.23760430703401,4
18,3,71,9.53939201416946,4
19,3,77,7.21110255092798,4
20,3,78,6.92820323027551,4
21,3,78.3333333333333,5.5075705472861,4
22,3,76,2,4
23,3,71.3333333333333,2.3094010767585,4
24,3,74.3333333333333,3.78593889720018,4
25,3,70.6666666666667,3.05505046330389,4
26,3,70,0,4
27,3,71.6666666666667,6.50640709864771,4
28,3,65,15.52417469626,4
29,3,69.3333333333333,8.7368949480541,4
30,3,73.3333333333333,7.76745346515403,4
31,3,74.6666666666667,5.5075705472861,4
32,3,77.3333333333333,4.16333199893227,4
33,3,71.6666666666667,7.02376916856849,4
34,3,76,11.3578166916005,4
35,3,74,6.557438524302,4
36,3,70,2.64575131106459,4
37,3,67.6666666666667,5.03322295684717,4
38,3,67.6666666666667,5.68624070307733,4
39,3,67,3.60555127546399,4
40,3,66,2.64575131106459,4
41,3,68,4.35889894354067,4
42,3,70.6666666666667,3.21455025366432,4
43,3,72,6.08276253029822,4
44,3,71.6666666666667,5.85946527708232,4
45,3,73,5,4
46,3,74,4.58257569495584,4
47,3,69,1,4
48,3,76.3333333333333,4.04145188432738,4
49,3,75.6666666666667,10.0166528008778,4
50,3,73.6666666666667,9.71253485622231,4
51,3,72.6666666666667,10.0166528008778,4
52,3,58.6666666666667,9.29157324317757,4
53,3,71,3.60555127546399,4
54,3,72.3333333333333,4.72581562625261,4
55,3,68.3333333333333,6.50640709864771,4
56,3,70.3333333333333,6.42910050732864,4
57,3,68,9.8488578017961,4
58,3,69.6666666666667,4.61880215351701,4
59,3,73.6666666666667,3.05505046330389,4
60,3,72.3333333333333,1.52752523165195,4
61,3,79.6666666666667,8.38649708360608,4
62,3,78,13.5277492584687,4
63,3,82.6666666666667,8.50490054811538,4
64,3,77.3333333333333,8.7368949480541,4
65,3,84.3333333333333,17.2143351115671,4
66,3,77,11.5325625946708,4
67,3,73.6666666666667,9.07377172587747,4
68,3,67,11.2694276695846,4
69,3,74,12.1655250605964,4
70,3,72,11.5325625946708,4
71,3,72.3333333333333,16.4418166068514,4
72,3,69,14.1774468787578,4
1,3,70.3333333333333,4.93288286231625,5
2,3,71.6666666666667,4.50924975282289,5
3,3,70.6666666666667,7.37111479583199,5
4,3,70,4.58257569495584,5
5,3,74.6666666666667,7.09459888459759,5
6,3,71.6666666666667,7.57187779440037,5
7,3,74.3333333333333,12.6622799421484,5
8,3,77.3333333333333,10.0166528008778,5
9,3,75.6666666666667,9.23760430703401,5
10,3,72.3333333333333,4.50924975282289,5
11,3,68.3333333333333,8.50490054811538,5
12,3,70.3333333333333,4.50924975282289,5
13,3,73.3333333333333,6.65832811847939,5
14,3,66.6666666666667,3.51188458428425,5
15,3,68.6666666666667,13.4288247189891,5
16,3,74.6666666666667,6.50640709864771,5
17,3,80.3333333333333,6.65832811847939,5
18,3,73,9.53939201416946,5
19,3,76.6666666666667,10.0166528008778,5
20,3,79.6666666666667,11.6761865920913,5
21,3,76.3333333333333,12.3423390543824,5
22,3,71.3333333333333,8.50490054811538,5
23,3,72.6666666666667,8.08290376865476,5
24,3,76.3333333333333,14.4683562761405,5
25,3,77,12.5299640861417,5
26,3,74.3333333333333,14.4683562761405,5
27,3,72.6666666666667,17.156145643277,5
28,3,67,12.7671453348037,5
29,3,76.6666666666667,8.9628864398325,5
30,3,73,8.66025403784439,5
31,3,75.3333333333333,12.8582010146573,5
32,3,76,16.0934769394311,5
33,3,75,17.3493515728975,5
34,3,75.3333333333333,8.62167810425171,5
35,3,76,8.54400374531753,5
36,3,69.3333333333333,7.76745346515403,5
37,3,69.6666666666667,9.29157324317757,5
38,3,70,9.53939201416946,5
39,3,71.3333333333333,16.1967074843418,5
40,3,71.6666666666667,10.5987420637231,5
41,3,69.6666666666667,7.63762615825973,5
42,3,67.3333333333333,7.50555349946514,5
43,3,75.6666666666667,12.8970280814354,5
44,3,74.3333333333333,10.1159939369957,5
45,3,72,6.2449979983984,5
46,3,71.6666666666667,6.42910050732864,5
47,3,73.3333333333333,7.09459888459759,5
48,3,76.3333333333333,15.6950098226581,5
49,3,75.6666666666667,11.5902257671425,5
50,3,75,18.6815416922694,5
51,3,77.3333333333333,15.0443787951957,5
52,3,71,17.6918060129541,5
53,3,78,11.5325625946708,5
54,3,76.6666666666667,11.9303534454489,5
55,3,71,11.2694276695846,5
56,3,75.3333333333333,17.6162803489651,5
57,3,72.3333333333333,18.3393929379719,5
58,3,76.6666666666667,12.6622799421484,5
59,3,76,17.3493515728975,5
60,3,76.6666666666667,18.9032625050104,5
61,3,76.6666666666667,17.4737898961082,5
62,3,81.3333333333333,17.0391705588427,5
63,3,83.6666666666667,6.65832811847939,5
64,3,85,17.3493515728975,5
65,3,84.6666666666667,14.8436293854749,5
66,3,84.3333333333333,17.2143351115671,5
67,3,79.3333333333333,10.6926766215636,5
68,3,76.3333333333333,10.1159939369957,5
69,3,81.6666666666667,14.3643076176102,5
70,3,78,14.422205101856,5
71,3,79.3333333333333,16.1658075373095,5
72,3,75.6666666666667,18.7171935218219,5
1,3,70,2,6
2,3,68.6666666666667,2.08166599946613,6
3,3,67.6666666666667,2.51661147842358,6
4,3,69,3.60555127546399,6
5,3,70.3333333333333,3.51188458428425,6
6,3,67.3333333333333,5.85946527708232,6
7,3,66,2.64575131106459,6
8,3,71,4.58257569495584,6
9,3,72.6666666666667,7.50555349946514,6
10,3,69.3333333333333,1.15470053837925,6
11,3,68,3,6
12,3,66,1,6
13,3,67.3333333333333,4.72581562625261,6
14,3,70.6666666666667,8.02080627701064,6
15,3,65.6666666666667,9.29157324317757,6
16,3,75.6666666666667,8.02080627701064,6
17,3,78.6666666666667,1.52752523165195,6
18,3,75.6666666666667,8.62167810425171,6
19,3,79.6666666666667,7.02376916856849,6
20,3,73.6666666666667,5.77350269189626,6
21,3,72.6666666666667,6.11010092660779,6
22,3,67.3333333333333,8.7368949480541,6
23,3,69.3333333333333,5.13160143944688,6
24,3,70.3333333333333,3.05505046330389,6
25,3,69.3333333333333,5.03322295684717,6
26,3,69.6666666666667,2.51661147842358,6
27,3,68,11,6
28,3,68,13.7477270848675,6
29,3,72.6666666666667,5.68624070307733,6
30,3,69.3333333333333,2.3094010767585,6
31,3,67,4.58257569495584,6
32,3,66,4.58257569495584,6
33,3,68.6666666666667,7.76745346515403,6
34,3,78,11.5325625946708,6
35,3,77,8.18535277187245,6
36,3,69.3333333333333,5.85946527708232,6
37,3,70,13,6
38,3,71.3333333333333,8.50490054811538,6
39,3,67,5.56776436283002,6
40,3,71,3.60555127546399,6
41,3,69.6666666666667,3.78593889720018,6
42,3,63.6666666666667,6.02771377334171,6
43,3,71.3333333333333,5.68624070307733,6
44,3,70,1.73205080756888,6
45,3,70.6666666666667,4.04145188432738,6
46,3,70.3333333333333,1.52752523165195,6
47,3,70.6666666666667,3.21455025366432,6
48,3,70.3333333333333,6.50640709864771,6
49,3,72.3333333333333,8.08290376865476,6
50,3,70.6666666666667,11.6761865920913,6
51,3,74.3333333333333,11.5036226178249,6
52,3,68.3333333333333,12.5830573921179,6
53,3,71.6666666666667,5.5075705472861,6
54,3,72.3333333333333,4.72581562625261,6
55,3,71.3333333333333,7.02376916856849,6
56,3,66.6666666666667,8.62167810425171,6
57,3,69.6666666666667,10.1159939369957,6
58,3,73.3333333333333,5.68624070307733,6
59,3,72.6666666666667,4.93288286231625,6
60,3,66,5.29150262212918,6
61,3,72.6666666666667,3.05505046330389,6
62,3,75.6666666666667,6.42910050732864,6
63,3,81,7,6
64,3,78.3333333333333,7.76745346515403,6
65,3,79,10.4403065089106,6
66,3,78,8.71779788708135,6
67,3,77,2,6
68,3,75.6666666666667,5.5075705472861,6
69,3,76.3333333333333,4.61880215351701,6
70,3,80,7.93725393319377,6
71,3,76.3333333333333,5.5075705472861,6
72,3,77.6666666666667,8.38649708360608,6
1,3,57.6666666666667,9.01849950564579,7
2,3,60.3333333333333,10.6926766215636,7
3,3,60.3333333333333,11.9303534454489,7
4,3,57,13.8924439894498,7
5,3,66,15.6204993518133,7
6,3,58.6666666666667,6.02771377334171,7
7,3,64,11.2694276695846,7
8,3,62,13,7
9,3,67.3333333333333,13.7961347243833,7
10,3,65.3333333333333,11.3724814061547,7
11,3,65.3333333333333,7.50555349946514,7
12,3,64,8.54400374531753,7
13,3,65.6666666666667,10.785793124909,7
14,3,63.6666666666667,11.0151410945722,7
15,3,65.3333333333333,3.51188458428425,7
16,3,70.6666666666667,7.37111479583199,7
17,3,70,9.8488578017961,7
18,3,64,1.73205080756888,7
19,3,61.3333333333333,5.85946527708232,7
20,3,62,8.66025403784439,7
21,3,62,12.2882057274445,7
22,3,64.3333333333333,9.29157324317757,7
23,3,60.6666666666667,9.86576572463249,7
24,3,57,11.7898261225516,7
25,3,58.3333333333333,4.50924975282289,7
26,3,60,7.93725393319377,7
27,3,60.3333333333333,13.0511813003013,7
28,3,55.6666666666667,19.3476958145753,7
29,3,53,12.1655250605964,7
30,3,57,8.88819441731559,7
31,3,58.6666666666667,14.8436293854749,7
32,3,55.6666666666667,13.0511813003013,7
33,3,58,8.88819441731559,7
34,3,63,7.21110255092798,7
35,3,64.3333333333333,9.29157324317757,7
36,3,60,5.56776436283002,7
37,3,61,6.2449979983984,7
38,3,60.3333333333333,1.52752523165195,7
39,3,60.6666666666667,5.85946527708232,7
40,3,64.3333333333333,6.65832811847939,7
41,3,59.6666666666667,6.42910050732864,7
42,3,59,5.29150262212918,7
43,3,63.6666666666667,6.65832811847939,7
44,3,61.6666666666667,5.13160143944688,7
45,3,63.3333333333333,11.0151410945722,7
46,3,64.3333333333333,6.50640709864771,7
47,3,60.3333333333333,2.51661147842358,7
48,3,61.3333333333333,7.50555349946514,7
49,3,59.3333333333333,9.71253485622231,7
50,3,62,7,7
51,3,62.3333333333333,7.76745346515403,7
52,3,57,8.88819441731559,7
53,3,50.3333333333333,15.0443787951957,7
54,3,50.6666666666667,8.08290376865476,7
55,3,56.3333333333333,11.0151410945722,7
56,3,58,11.3578166916005,7
57,3,53.3333333333333,11.9303534454489,7
58,3,67.3333333333333,7.76745346515403,7
59,3,60.6666666666667,10.2632028788938,7
60,3,62.6666666666667,15.3079500042734,7
61,3,59.6666666666667,15.1437555888007,7
62,3,65.6666666666667,13.2035348802256,7
63,3,60.3333333333333,4.50924975282289,7
64,3,63.6666666666667,9.07377172587747,7
65,3,58.3333333333333,6.65832811847939,7
66,3,66.6666666666667,10.5039675043925,7
67,3,63,13.076696830622,7
68,3,64.3333333333333,12.0554275466834,7
69,3,66.6666666666667,10.0166528008778,7
70,3,64,13,7
71,3,57.3333333333333,16.1967074843418,7
72,3,63,10.3923048454133,7
1,3,62.6666666666667,4.61880215351701,8
2,3,69.3333333333333,8.38649708360608,8
3,3,72.6666666666667,8.02080627701064,8
4,3,67.6666666666667,10.0664459136943,8
5,3,69,7,8
6,3,69.6666666666667,9.86576572463249,8
7,3,74.6666666666667,10.0166528008778,8
8,3,73.6666666666667,8.32666399786453,8
9,3,71.3333333333333,9.07377172587747,8
10,3,65.6666666666667,6.50640709864771,8
11,3,72.3333333333333,11.8462370959446,8
12,3,68,8,8
13,3,72,7.81024967590665,8
14,3,72,11.13552872566,8
15,3,71.3333333333333,6.50640709864771,8
16,3,80.3333333333333,10.0664459136943,8
17,3,76,4,8
18,3,72,11.5325625946708,8
19,3,71.3333333333333,8.50490054811538,8
20,3,74.6666666666667,7.76745346515403,8
21,3,72,9,8
22,3,71,10.4403065089106,8
23,3,75,13.076696830622,8
24,3,71.3333333333333,11.1504857891185,8
25,3,70.3333333333333,6.65832811847939,8
26,3,70.3333333333333,9.45163125250522,8
27,3,67,12.1243556529821,8
28,3,63.6666666666667,17.2143351115671,8
29,3,69.3333333333333,9.01849950564579,8
30,3,70,6,8
31,3,71,13.856406460551,8
32,3,70.6666666666667,10.2632028788938,8
33,3,72.6666666666667,10.785793124909,8
34,3,78,7,8
35,3,68.6666666666667,5.68624070307733,8
36,3,67.3333333333333,16.0416125540213,8
37,3,68,11.13552872566,8
38,3,67,12.4899959967968,8
39,3,67,7.93725393319377,8
40,3,68.3333333333333,6.11010092660779,8
41,3,70.3333333333333,4.04145188432738,8
42,3,70.6666666666667,5.5075705472861,8
43,3,72.6666666666667,5.68624070307733,8
44,3,70,9.16515138991168,8
45,3,74,9.64365076099295,8
46,3,70.3333333333333,4.93288286231625,8
47,3,66.3333333333333,12.7410099024109,8
48,3,70,8.18535277187245,8
49,3,72,11.2694276695846,8
50,3,75,10.5830052442584,8
51,3,74,12,8
52,3,71.6666666666667,9.60902353693305,8
53,3,75,13.5277492584687,8
54,3,73.6666666666667,9.60902353693305,8
55,3,76.6666666666667,9.50438495292217,8
56,3,73.3333333333333,12.6622799421484,8
57,3,70,12.1243556529821,8
58,3,73.3333333333333,9.07377172587747,8
59,3,73,10.3923048454133,8
60,3,75,7,8
61,3,75.6666666666667,10.0166528008778,8
62,3,75.3333333333333,4.93288286231625,8
63,3,80,6.2449979983984,8
64,3,81.6666666666667,8.02080627701064,8
65,3,79.6666666666667,7.63762615825973,8
66,3,79.6666666666667,6.65832811847939,8
67,3,75.6666666666667,9.60902353693305,8
68,3,71.3333333333333,4.16333199893227,8
69,3,69.6666666666667,7.02376916856849,8
70,3,71.6666666666667,12.6622799421484,8
71,3,74.3333333333333,16.4418166068514,8
72,3,75.6666666666667,17.6162803489651,8
1,3,56.3333333333333,9.07377172587747,9
2,3,71,1,9
3,3,66.3333333333333,2.88675134594813,9
4,3,67.6666666666667,1.15470053837925,9
5,3,72.6666666666667,7.57187779440037,9
6,3,60.3333333333333,16.7431578064991,9
7,3,60.3333333333333,8.9628864398325,9
8,3,62.3333333333333,5.5075705472861,9
9,3,65.3333333333333,4.61880215351701,9
10,3,71.3333333333333,2.3094010767585,9
11,3,70.6666666666667,1.52752523165195,9
12,3,69,2.64575131106459,9
13,3,71,3.60555127546399,9
14,3,74.6666666666667,3.51188458428425,9
15,3,76,5,9
16,3,73.6666666666667,6.80685928555405,9
17,3,72,4.58257569495584,9
18,3,67,7,9
19,3,73.6666666666667,6.11010092660779,9
20,3,71.3333333333333,2.51661147842358,9
21,3,74,3.60555127546399,9
22,3,77,5.56776436283002,9
23,3,74.3333333333333,4.04145188432738,9
24,3,77,2,9
25,3,72.3333333333333,3.21455025366432,9
26,3,74,4.58257569495584,9
27,3,70.6666666666667,7.37111479583199,9
28,3,62,10.816653826392,9
29,3,66,10.5356537528527,9
30,3,67,8,9
31,3,69.6666666666667,12.8582010146573,9
32,3,65.6666666666667,11.060440015358,9
33,3,63.6666666666667,7.09459888459759,9
34,3,67.6666666666667,3.05505046330389,9
35,3,68.3333333333333,1.52752523165195,9
36,3,63.6666666666667,5.77350269189626,9
37,3,67,8,9
38,3,68.3333333333333,7.76745346515403,9
39,3,67.6666666666667,4.93288286231625,9
40,3,64.3333333333333,3.78593889720018,9
41,3,69.3333333333333,4.16333199893227,9
42,3,70,2,9
43,3,74,1.73205080756888,9
44,3,74.3333333333333,3.78593889720018,9
45,3,76.3333333333333,2.08166599946613,9
46,3,73,1.73205080756888,9
47,3,69,2,9
48,3,75.6666666666667,6.65832811847939,9
49,3,74.3333333333333,11.0151410945722,9
50,3,73.6666666666667,4.93288286231625,9
51,3,69,9,9
52,3,60,14.7309198626562,9
53,3,64.6666666666667,18.1475434517549,9
54,3,66.3333333333333,14.1539158303748,9
55,3,64.6666666666667,6.65832811847939,9
56,3,59.3333333333333,10.0166528008778,9
57,3,58.3333333333333,10.0664459136943,9
58,3,57,8.71779788708135,9
59,3,67.3333333333333,13.4288247189891,9
60,3,67.3333333333333,7.23417813807024,9
61,3,71.3333333333333,11.1504857891185,9
62,3,75,5.29150262212918,9
63,3,75,9.16515138991168,9
64,3,74,3.60555127546399,9
65,3,72.6666666666667,3.78593889720018,9
66,3,73,4.35889894354067,9
67,3,72,2,9
68,3,66.6666666666667,5.5075705472861,9
69,3,70.3333333333333,4.50924975282289,9
70,3,70.6666666666667,8.38649708360608,9
71,3,69.3333333333333,8.62167810425171,9
72,3,64.6666666666667,6.11010092660779,9
1,3,67.6666666666667,4.04145188432738,10
2,3,69,2.64575131106459,10
3,3,67.3333333333333,7.37111479583199,10
4,3,66.3333333333333,6.65832811847939,10
5,3,71.3333333333333,3.21455025366432,10
6,3,66,1,10
7,3,67.6666666666667,2.51661147842358,10
8,3,67,5.19615242270663,10
9,3,67.3333333333333,10.6926766215636,10
10,3,69.6666666666667,4.50924975282289,10
11,3,65.6666666666667,12.8582010146573,10
12,3,63.6666666666667,1.15470053837925,10
13,3,66.6666666666667,4.04145188432738,10
14,3,71.3333333333333,6.80685928555405,10
15,3,72,7.81024967590665,10
16,3,79.3333333333333,5.03322295684717,10
17,3,74.3333333333333,8.14452781524708,10
18,3,73.3333333333333,10.1159939369957,10
19,3,74.3333333333333,11.3724814061547,10
20,3,76.6666666666667,1.52752523165195,10
21,3,69.6666666666667,3.78593889720018,10
22,3,68,10.1488915650922,10
23,3,70.3333333333333,4.50924975282289,10
24,3,56,26.8886593194975,10
25,3,68,4.35889894354067,10
26,3,65.6666666666667,6.02771377334171,10
27,3,68,9.53939201416946,10
28,3,69.3333333333333,9.23760430703401,10
29,3,66,3.46410161513775,10
30,3,68.6666666666667,4.93288286231625,10
31,3,67.6666666666667,3.78593889720018,10
32,3,69.3333333333333,2.08166599946613,10
33,3,71.6666666666667,2.08166599946613,10
34,3,75.3333333333333,11.9303534454489,10
35,3,70,13.114877048604,10
36,3,71,4.58257569495584,10
37,3,73.6666666666667,9.81495457622364,10
38,3,70.6666666666667,8.9628864398325,10
39,3,67,7,10
40,3,74,6.557438524302,10
41,3,69.6666666666667,6.65832811847939,10
42,3,64.6666666666667,6.11010092660779,10
43,3,72.6666666666667,4.93288286231625,10
44,3,67.3333333333333,4.50924975282289,10
45,3,72,7.93725393319377,10
46,3,71,1,10
47,3,69.3333333333333,4.04145188432738,10
48,3,76.3333333333333,0.577350269189626,10
49,3,77,3.60555127546399,10
50,3,77,5.29150262212918,10
51,3,79.3333333333333,5.77350269189626,10
52,3,68.3333333333333,10.6926766215636,10
53,3,71.6666666666667,3.51188458428425,10
54,3,71,4.35889894354067,10
55,3,72.6666666666667,7.57187779440037,10
56,3,71.3333333333333,5.03322295684717,10
57,3,67.6666666666667,7.50555349946514,10
58,3,75.6666666666667,2.08166599946613,10
59,3,73.6666666666667,3.21455025366432,10
60,3,69,7.93725393319377,10
61,3,76,3,10
62,3,75.3333333333333,6.65832811847939,10
63,3,78,9.53939201416946,10
64,3,78.6666666666667,7.37111479583199,10
65,3,78.3333333333333,11.1504857891185,10
66,3,78.6666666666667,10.6926766215636,10
67,3,74.6666666666667,4.50924975282289,10
68,3,75,6.557438524302,10
69,3,74.6666666666667,4.50924975282289,10
70,3,78.3333333333333,9.71253485622231,10
71,3,75,4,10
72,3,79.3333333333333,6.35085296108588,10
1,3,61,5.56776436283002,11
2,3,71.6666666666667,5.03322295684717,11
3,3,65.3333333333333,2.51661147842358,11
4,3,66.3333333333333,1.15470053837925,11
5,3,70.3333333333333,0.577350269189626,11
6,3,65.3333333333333,2.88675134594813,11
7,3,64,3.46410161513775,11
8,3,66,1,11
9,3,60.6666666666667,3.78593889720018,11
10,3,70.3333333333333,6.65832811847939,11
11,3,65.3333333333333,9.01849950564579,11
12,3,65,7.93725393319377,11
13,3,69.6666666666667,4.50924975282289,11
14,3,71.3333333333333,3.78593889720018,11
15,3,76,4.58257569495584,11
16,3,73.3333333333333,6.02771377334171,11
17,3,72.3333333333333,6.50640709864771,11
18,3,68.3333333333333,2.08166599946613,11
19,3,68.6666666666667,3.51188458428425,11
20,3,72.3333333333333,3.21455025366432,11
21,3,70.3333333333333,3.21455025366432,11
22,3,65.3333333333333,9.07377172587747,11
23,3,67.3333333333333,8.9628864398325,11
24,3,70.3333333333333,4.93288286231625,11
25,3,71.6666666666667,3.78593889720018,11
26,3,73.3333333333333,2.51661147842358,11
27,3,70.3333333333333,1.52752523165195,11
28,3,65.3333333333333,5.5075705472861,11
29,3,62,10.3923048454133,11
30,3,62,9.8488578017961,11
31,3,62.6666666666667,7.02376916856849,11
32,3,67,11.3578166916005,11
33,3,62,4.58257569495584,11
34,3,69.3333333333333,5.03322295684717,11
35,3,65.3333333333333,3.05505046330389,11
36,3,61.6666666666667,7.57187779440037,11
37,3,63,12.1243556529821,11
38,3,62.3333333333333,7.23417813807024,11
39,3,68.3333333333333,6.50640709864771,11
40,3,62.3333333333333,7.63762615825973,11
41,3,62.6666666666667,6.02771377334171,11
42,3,60,4,11
43,3,68.3333333333333,4.16333199893227,11
44,3,67,7.93725393319377,11
45,3,66.3333333333333,6.65832811847939,11
46,3,67.3333333333333,2.51661147842358,11
47,3,64.3333333333333,3.21455025366432,11
48,3,70.6666666666667,8.50490054811538,11
49,3,69,11.3578166916005,11
50,3,72,7.93725393319377,11
51,3,73.6666666666667,12.7017059221718,11
52,3,59,7.21110255092798,11
53,3,61.6666666666667,16.0416125540213,11
54,3,70,14.1774468787578,11
55,3,65.6666666666667,8.38649708360608,11
56,3,65.3333333333333,9.07377172587747,11
57,3,60.3333333333333,5.68624070307733,11
58,3,63.6666666666667,9.29157324317757,11
59,3,69.6666666666667,5.68624070307733,11
60,3,67,3.60555127546399,11
61,3,72.3333333333333,5.85946527708232,11
62,3,74.3333333333333,6.65832811847939,11
63,3,68.6666666666667,7.76745346515403,11
64,3,74.3333333333333,0.577350269189626,11
65,3,77,3,11
66,3,71.3333333333333,5.68624070307733,11
67,3,71,4.58257569495584,11
68,3,71.6666666666667,7.02376916856849,11
69,3,72,5.29150262212918,11
70,3,70,4,11
71,3,69.6666666666667,3.78593889720018,11
72,3,70.6666666666667,6.80685928555405,11
1,3,70,5.19615242270663,12
2,3,71,5.56776436283002,12
3,3,72.3333333333333,5.85946527708232,12
4,3,70.6666666666667,3.51188458428425,12
5,3,76,5,12
6,3,69.6666666666667,11.0151410945722,12
7,3,75.3333333333333,11.3724814061547,12
8,3,76.6666666666667,11.060440015358,12
9,3,80,1.73205080756888,12
10,3,71.3333333333333,6.02771377334171,12
11,3,70.3333333333333,8.02080627701064,12
12,3,72,2.64575131106459,12
13,3,73.6666666666667,6.35085296108588,12
14,3,69.6666666666667,2.51661147842358,12
15,3,72.6666666666667,12.6622799421484,12
16,3,76.6666666666667,3.78593889720018,12
17,3,79.3333333333333,7.57187779440037,12
18,3,72.3333333333333,10.1159939369957,12
19,3,75.3333333333333,10.9696551146029,12
20,3,80,11.13552872566,12
21,3,75.3333333333333,13.6503968196288,12
22,3,72.3333333333333,7.50555349946514,12
23,3,72.6666666666667,8.08290376865476,12
24,3,78,13.076696830622,12
25,3,82,6.08276253029822,12
26,3,76,13.4536240470737,12
27,3,78.3333333333333,11.1504857891185,12
28,3,69.6666666666667,8.50490054811538,12
29,3,80,7.54983443527075,12
30,3,75.6666666666667,7.50555349946514,12
31,3,78.6666666666667,10.2632028788938,12
32,3,79.3333333333333,11.9303534454489,12
33,3,74,18.6815416922694,12
34,3,76.6666666666667,6.50640709864771,12
35,3,77.6666666666667,6.42910050732864,12
36,3,72,7.93725393319377,12
37,3,72.3333333333333,6.80685928555405,12
38,3,71.6666666666667,8.62167810425171,12
39,3,76.3333333333333,13.5030860670194,12
40,3,74.3333333333333,10.9696551146029,12
41,3,69.3333333333333,7.76745346515403,12
42,3,68,7,12
43,3,75,13.7477270848675,12
44,3,74.6666666666667,9.86576572463249,12
45,3,70,9,12
46,3,70.6666666666667,7.23417813807024,12
47,3,74.3333333333333,5.85946527708232,12
48,3,80,12.2882057274445,12
49,3,77.3333333333333,9.45163125250522,12
50,3,81,12.2882057274445,12
51,3,80.6666666666667,10.785793124909,12
52,3,72.3333333333333,15.9478316185409,12
53,3,84,8.88819441731559,12
54,3,80,8.88819441731559,12
55,3,73.6666666666667,9.60902353693305,12
56,3,80.3333333333333,11.8462370959446,12
57,3,74.6666666666667,15.8850034099251,12
58,3,81.3333333333333,9.50438495292217,12
59,3,79,15.7162336455017,12
60,3,78.6666666666667,18.1475434517549,12
61,3,77.3333333333333,17.2433562085034,12
62,3,82.6666666666667,15.9478316185409,12
63,3,83.6666666666667,6.65832811847939,12
64,3,86.6666666666667,16.2583311976763,12
65,3,83.3333333333333,16.6232768530556,12
66,3,84.6666666666667,16.8621864932557,12
67,3,78.6666666666667,10.9696551146029,12
68,3,75.6666666666667,10.785793124909,12
69,3,80.6666666666667,15.5349069303081,12
70,3,76.6666666666667,15.1437555888007,12
71,3,81,14.9331845230681,12
72,3,77,18.0277563773199,12
1,3,64.3333333333333,5.13160143944688,13
2,3,66.3333333333333,2.08166599946613,13
3,3,65.3333333333333,6.50640709864771,13
4,3,63.3333333333333,9.29157324317757,13
5,3,70.3333333333333,5.13160143944688,13
6,3,70.3333333333333,7.57187779440037,13
7,3,67.6666666666667,4.61880215351701,13
8,3,66.6666666666667,5.5075705472861,13
9,3,62.6666666666667,7.50555349946514,13
10,3,64.3333333333333,5.03322295684717,13
11,3,61.6666666666667,9.45163125250522,13
12,3,64,4.58257569495584,13
13,3,67.3333333333333,4.50924975282289,13
14,3,66,3.60555127546399,13
15,3,66.6666666666667,4.72581562625261,13
16,3,71.3333333333333,2.51661147842358,13
17,3,69.6666666666667,5.68624070307733,13
18,3,71.3333333333333,5.77350269189626,13
19,3,71,10.3923048454133,13
20,3,73,6.2449979983984,13
21,3,67,4,13
22,3,63,5.56776436283002,13
23,3,68.6666666666667,2.3094010767585,13
24,3,57.3333333333333,28.7460142164672,13
25,3,71.6666666666667,6.02771377334171,13
26,3,69,10.1488915650922,13
27,3,66.6666666666667,4.72581562625261,13
28,3,63.6666666666667,5.5075705472861,13
29,3,68.3333333333333,1.52752523165195,13
30,3,67.6666666666667,3.51188458428425,13
31,3,66.3333333333333,4.16333199893227,13
32,3,64,2.64575131106459,13
33,3,68.6666666666667,4.72581562625261,13
34,3,70,4.35889894354067,13
35,3,63.6666666666667,4.93288286231625,13
36,3,67,1,13
37,3,69.3333333333333,4.16333199893227,13
38,3,65.6666666666667,3.05505046330389,13
39,3,66.6666666666667,4.93288286231625,13
40,3,65,3.46410161513775,13
41,3,64,3.46410161513775,13
42,3,65,2.64575131106459,13
43,3,67.3333333333333,0.577350269189626,13
44,3,67,5,13
45,3,67.6666666666667,4.04145188432738,13
46,3,68.6666666666667,1.52752523165195,13
47,3,67,7.93725393319377,13
48,3,73.3333333333333,4.61880215351701,13
49,3,71.6666666666667,5.85946527708232,13
50,3,70.6666666666667,3.51188458428425,13
51,3,68.6666666666667,7.02376916856849,13
52,3,64.3333333333333,6.11010092660779,13
53,3,73.6666666666667,1.52752523165195,13
54,3,69.3333333333333,4.04145188432738,13
55,3,63.6666666666667,3.51188458428425,13
56,3,63.6666666666667,7.23417813807024,13
57,3,61.3333333333333,5.13160143944688,13
58,3,72.6666666666667,2.08166599946613,13
59,3,69,1.73205080756888,13
60,3,74,3.46410161513775,13
61,3,73.3333333333333,5.5075705472861,13
62,3,73.6666666666667,3.78593889720018,13
63,3,72.3333333333333,2.51661147842358,13
64,3,77.6666666666667,4.72581562625261,13
65,3,76,4.35889894354067,13
66,3,75.3333333333333,7.37111479583199,13
67,3,72.6666666666667,2.3094010767585,13
68,3,67.6666666666667,0.577350269189626,13
69,3,68,2.64575131106459,13
70,3,71,4.58257569495584,13
71,3,68,5.19615242270663,13
72,3,65.6666666666667,6.02771377334171,13
1,3,72,2,14
2,3,71,1,14
3,3,72,3.60555127546399,14
4,3,69,1,14
5,3,76,2.64575131106459,14
6,3,70,4,14
7,3,65.6666666666667,5.13160143944688,14
8,3,69,7.54983443527075,14
9,3,75.6666666666667,3.78593889720018,14
10,3,71.3333333333333,2.3094010767585,14
11,3,70,4.35889894354067,14
12,3,65,2,14
13,3,66.6666666666667,5.03322295684717,14
14,3,72.3333333333333,7.76745346515403,14
15,3,72,12.2882057274445,14
16,3,79.3333333333333,4.04145188432738,14
17,3,80,2.64575131106459,14
18,3,74,7,14
19,3,78.3333333333333,7.02376916856849,14
20,3,79.3333333333333,5.85946527708232,14
21,3,76.6666666666667,8.08290376865476,14
22,3,69.3333333333333,9.01849950564579,14
23,3,68.3333333333333,4.93288286231625,14
24,3,72.3333333333333,3.21455025366432,14
25,3,68.3333333333333,5.5075705472861,14
26,3,68.3333333333333,2.88675134594813,14
27,3,69.3333333333333,8.08290376865476,14
28,3,72,8.54400374531753,14
29,3,73.3333333333333,9.81495457622364,14
30,3,71,9.8488578017961,14
31,3,69.6666666666667,9.07377172587747,14
32,3,73.3333333333333,7.76745346515403,14
33,3,74.6666666666667,4.50924975282289,14
34,3,79.3333333333333,9.50438495292217,14
35,3,76,7,14
36,3,68.6666666666667,3.21455025366432,14
37,3,68,5,14
38,3,69.3333333333333,4.16333199893227,14
39,3,63.3333333333333,4.50924975282289,14
40,3,72,6.92820323027551,14
41,3,71,3.46410161513775,14
42,3,63,8.66025403784439,14
43,3,74.6666666666667,1.52752523165195,14
44,3,68.6666666666667,5.5075705472861,14
45,3,73.6666666666667,4.04145188432738,14
46,3,73,4.35889894354067,14
47,3,69,3.60555127546399,14
48,3,74.3333333333333,3.78593889720018,14
49,3,77,7.93725393319377,14
50,3,78,4.58257569495584,14
51,3,78,5.29150262212918,14
52,3,68.3333333333333,2.08166599946613,14
53,3,75.6666666666667,2.08166599946613,14
54,3,72.6666666666667,5.77350269189626,14
55,3,74.3333333333333,2.08166599946613,14
56,3,68.6666666666667,5.5075705472861,14
57,3,71.6666666666667,4.04145188432738,14
58,3,72,4.35889894354067,14
59,3,76.3333333333333,0.577350269189626,14
60,3,71.3333333333333,3.51188458428425,14
61,3,78,7.54983443527075,14
62,3,78.6666666666667,10.6926766215636,14
63,3,80,9.64365076099295,14
64,3,77.3333333333333,8.38649708360608,14
65,3,82.6666666666667,18.5831464863551,14
66,3,81.6666666666667,8.02080627701064,14
67,3,78,5.19615242270663,14
68,3,77.3333333333333,2.3094010767585,14
69,3,80.6666666666667,6.65832811847939,14
70,3,79,4.35889894354067,14
71,3,82,8.18535277187245,14
72,3,83.3333333333333,1.52752523165195,14
1,3,66.6666666666667,1.52752523165195,15
2,3,65.3333333333333,5.5075705472861,15
3,3,68.6666666666667,10.0664459136943,15
4,3,65.3333333333333,6.65832811847939,15
5,3,70.3333333333333,4.04145188432738,15
6,3,66,9,15
7,3,69,4.35889894354067,15
8,3,66.6666666666667,2.88675134594813,15
9,3,70.6666666666667,6.35085296108588,15
10,3,66.6666666666667,4.72581562625261,15
11,3,67.3333333333333,10.9696551146029,15
12,3,66,7.81024967590665,15
13,3,70,5,15
14,3,71,5.56776436283002,15
15,3,72.3333333333333,4.61880215351701,15
16,3,75.6666666666667,9.60902353693305,15
17,3,73.6666666666667,5.5075705472861,15
18,3,70.3333333333333,14.9777612924406,15
19,3,71.3333333333333,10.6926766215636,15
20,3,65,12.7671453348037,15
21,3,67.6666666666667,6.42910050732864,15
22,3,67.3333333333333,14.0118997046558,15
23,3,66.6666666666667,8.08290376865476,15
24,3,69.6666666666667,10.6926766215636,15
25,3,70,10.1488915650922,15
26,3,70.3333333333333,6.65832811847939,15
27,3,71.6666666666667,10.6926766215636,15
28,3,66,11.3578166916005,15
29,3,75.6666666666667,7.57187779440037,15
30,3,72.6666666666667,9.45163125250522,15
31,3,71,8.66025403784439,15
32,3,71,8,15
33,3,65,9.16515138991168,15
34,3,73.3333333333333,13.3166562369588,15
35,3,70.3333333333333,13.2035348802256,15
36,3,71,6.92820323027551,15
37,3,70,6,15
38,3,68,5.29150262212918,15
39,3,66.6666666666667,10.6926766215636,15
40,3,69.6666666666667,7.63762615825973,15
41,3,64.3333333333333,8.32666399786453,15
42,3,63.3333333333333,4.72581562625261,15
43,3,65.3333333333333,9.71253485622231,15
44,3,66.3333333333333,6.35085296108588,15
45,3,66.6666666666667,10.6926766215636,15
46,3,67,5.56776436283002,15
47,3,63.3333333333333,8.32666399786453,15
48,3,68.3333333333333,8.32666399786453,15
49,3,69.3333333333333,4.04145188432738,15
50,3,70.6666666666667,11.0151410945722,15
51,3,74,6.557438524302,15
52,3,65,9.53939201416946,15
53,3,68.3333333333333,19.0087699058443,15
54,3,69.6666666666667,7.50555349946514,15
55,3,71,1.73205080756888,15
56,3,67.6666666666667,7.09459888459759,15
57,3,68.3333333333333,6.65832811847939,15
58,3,71.3333333333333,10.0166528008778,15
59,3,73.3333333333333,5.5075705472861,15
60,3,69,6.08276253029822,15
61,3,72.3333333333333,6.65832811847939,15
62,3,77.3333333333333,8.7368949480541,15
63,3,79,11.5325625946708,15
64,3,78,9.8488578017961,15
65,3,75.3333333333333,13.5769412362775,15
66,3,77.3333333333333,12.0968315410827,15
67,3,73.6666666666667,15.0443787951957,15
68,3,68,10,15
69,3,71.3333333333333,10.4083299973307,15
70,3,72,10.1488915650922,15
71,3,72,10.816653826392,15
72,3,72.6666666666667,10.0166528008778,15
1,3,67,9.64365076099295,16
2,3,69.3333333333333,5.85946527708232,16
3,3,67.3333333333333,11.1504857891185,16
4,3,69.3333333333333,10.2143689640297,16
5,3,72.6666666666667,20.1328918273887,16
6,3,69.6666666666667,15.1767365837763,16
7,3,71.6666666666667,15.8219257150744,16
8,3,71.3333333333333,19.55334583475,16
9,3,69.3333333333333,11.6761865920913,16
10,3,74.6666666666667,9.07377172587747,16
11,3,68.6666666666667,15.1767365837763,16
12,3,67,7,16
13,3,75,14.525839046334,16
14,3,71,7.21110255092798,16
15,3,73.6666666666667,16.0416125540213,16
16,3,75.3333333333333,10.0664459136943,16
17,3,73.6666666666667,18.5562208796224,16
18,3,70.3333333333333,13.5030860670194,16
19,3,70.6666666666667,14.047538337137,16
20,3,70.3333333333333,29.9054064231425,16
21,3,74.6666666666667,15.0111069989303,16
22,3,71.6666666666667,15.1767365837763,16
23,3,72,19,16
24,3,72,17.3493515728975,16
25,3,73.3333333333333,20.2072594216369,16
26,3,75.6666666666667,17.5023807904334,16
27,3,71,21.51743479135,16
28,3,65,18.0277563773199,16
29,3,69,11.5325625946708,16
30,3,69.3333333333333,12.0138808606267,16
31,3,67,18.6815416922694,16
32,3,69.6666666666667,18.5831464863551,16
33,3,70.3333333333333,15.9478316185409,16
34,3,73.6666666666667,12.5033328890074,16
35,3,70.6666666666667,15.1767365837763,16
36,3,70.3333333333333,11.0151410945722,16
37,3,71,14,16
38,3,71,13.4536240470737,16
39,3,74,10.5356537528527,16
40,3,73.6666666666667,8.08290376865476,16
41,3,69.3333333333333,9.50438495292217,16
42,3,67.6666666666667,13.8684293751431,16
43,3,69,19.313207915828,16
44,3,71.6666666666667,10.0664459136943,16
45,3,68.6666666666667,12.3423390543824,16
46,3,67,11.7898261225516,16
47,3,57.6666666666667,27.3922130054023,16
48,3,75.3333333333333,17.7857620959388,16
49,3,74.3333333333333,16.1658075373095,16
50,3,75.6666666666667,15.6311654502578,16
51,3,75,15.8745078663875,16
52,3,67.6666666666667,16.0727512683216,16
53,3,79.3333333333333,17.6162803489651,16
54,3,78,16.7032930884901,16
55,3,71.3333333333333,15.0443787951957,16
56,3,69.6666666666667,18.0092568789868,16
57,3,70.3333333333333,16.6533279957291,16
58,3,75.6666666666667,9.81495457622364,16
59,3,75,6.557438524302,16
60,3,78.6666666666667,9.60902353693305,16
61,3,82,13.7477270848675,16
62,3,85.6666666666667,13.8684293751431,16
63,3,88,14.1067359796659,16
64,3,86.3333333333333,20.5020324195757,16
65,3,88,13,16
66,3,92,19.5192212959431,16
67,3,80.6666666666667,17.9536440126603,16
68,3,77.6666666666667,16.2583311976763,16
69,3,83,17.578395831247,16
70,3,81.3333333333333,14.742229591664,16
71,3,76,20.0748598998847,16
72,3,71.6666666666667,22.300971578237,16
