RowNr,N,Mean,SD,Instance
1,3,82.6666666666667,22.6789182575654,1
2,3,83,18.0831413200251,1
3,3,81.6666666666667,20.2072594216369,1
4,3,75.3333333333333,26.6333124739176,1
5,3,77,20.952326839757,1
6,3,54.3333333333333,6.80685928555405,1
7,3,58.6666666666667,6.50640709864771,1
8,3,66,10.5830052442584,1
9,3,77.3333333333333,18.1475434517549,1
10,3,81.3333333333333,16.1658075373095,1
11,3,75,28.9309522829789,1
12,3,81.6666666666667,17.3877351409933,1
13,3,87.3333333333333,18.7705443004015,1
14,3,87,19.5192212959431,1
15,3,82,23.6431808350738,1
16,3,87.3333333333333,15.8219257150744,1
17,3,82.3333333333333,9.07377172587747,1
18,3,67.3333333333333,11.0151410945722,1
19,3,62,12.5299640861417,1
20,3,66.3333333333333,21.0792156716832,1
21,3,75.6666666666667,20.7926268983343,1
22,3,80.6666666666667,31.0698138606161,1
23,3,84.3333333333333,24.0069434400411,1
24,3,80,19.2873015219859,1
25,3,81.3333333333333,23.5442845152137,1
26,3,79.3333333333333,18.5562208796224,1
27,3,78,23.5159520326097,1
28,3,67.6666666666667,25.9293913027925,1
29,3,57,6.557438524302,1
30,3,64.3333333333333,2.08166599946613,1
31,3,51.6666666666667,13.5769412362775,1
32,3,54,6.557438524302,1
33,3,50.3333333333333,5.5075705472861,1
34,3,62.6666666666667,12.4230967690562,1
35,3,62.3333333333333,11.6761865920913,1
36,3,63.6666666666667,10.0166528008778,1
37,3,60.6666666666667,12.2202018532156,1
38,3,64.3333333333333,13.8684293751431,1
39,3,68.3333333333333,1.52752523165195,1
40,3,77,10.1488915650922,1
41,3,75,11.5325625946708,1
42,3,76.3333333333333,17.4737898961082,1
43,3,79,18.6815416922694,1
44,3,73.3333333333333,20.5264057577875,1
45,3,71,18.5202591774521,1
46,3,74,25.0599281722833,1
47,3,58.3333333333333,29.022979401387,1
48,3,69,12.5299640861417,1
49,3,68,17.7763888346312,1
50,3,66.6666666666667,10.9696551146029,1
51,3,65.3333333333333,15.502687938978,1
52,3,54.6666666666667,6.42910050732864,1
53,3,58.6666666666667,3.51188458428425,1
54,3,61.6666666666667,10.0664459136943,1
55,3,61,10.3923048454133,1
56,3,52.6666666666667,6.42910050732864,1
57,3,55.6666666666667,6.02771377334171,1
58,3,61.6666666666667,3.78593889720018,1
59,3,65.3333333333333,8.50490054811538,1
60,3,62,8.88819441731559,1
61,3,71.3333333333333,16.2890556304942,1
62,3,67.3333333333333,14.0118997046558,1
63,3,73,10.1488915650922,1
64,3,74,4,1
65,3,78.6666666666667,4.16333199893227,1
66,3,94.6666666666667,18.7705443004015,1
67,3,81,19,1
68,3,74.6666666666667,22.1885856541902,1
69,3,68.3333333333333,43.6844747402705,1
70,3,81.6666666666667,25.0066657780147,1
71,3,79.3333333333333,22.5018517756502,1
72,3,75.6666666666667,22.3681320930768,1
1,3,81.3333333333333,14.1891977691952,2
2,3,78.3333333333333,4.61880215351701,2
3,3,77.6666666666667,3.05505046330389,2
4,3,74.3333333333333,4.50924975282289,2
5,3,72.6666666666667,8.7368949480541,2
6,3,56,3.60555127546399,2
7,3,54.6666666666667,3.51188458428425,2
8,3,63,2.64575131106459,2
9,3,85.3333333333333,12.5830573921179,2
10,3,80.3333333333333,7.50555349946514,2
11,3,82,8.54400374531753,2
12,3,77.6666666666667,8.14452781524708,2
13,3,79.6666666666667,5.68624070307733,2
14,3,82.3333333333333,5.13160143944688,2
15,3,84.3333333333333,7.63762615825973,2
16,3,84,3.60555127546399,2
17,3,83.3333333333333,1.52752523165195,2
18,3,61,7.21110255092798,2
19,3,58,8.66025403784439,2
20,3,61,6.08276253029822,2
21,3,82.6666666666667,9.86576572463249,2
22,3,77.3333333333333,5.85946527708232,2
23,3,84.3333333333333,5.5075705472861,2
24,3,83,2.64575131106459,2
25,3,81.6666666666667,5.5075705472861,2
26,3,78,3.46410161513775,2
27,3,76,4.58257569495584,2
28,3,76,5.56776436283002,2
29,3,55.6666666666667,2.51661147842358,2
30,3,57.6666666666667,3.51188458428425,2
31,3,55.3333333333333,1.52752523165195,2
32,3,58.6666666666667,5.13160143944688,2
33,3,54,3.46410161513775,2
34,3,57,4.58257569495584,2
35,3,58.3333333333333,4.50924975282289,2
36,3,57.3333333333333,3.78593889720018,2
37,3,63,7.93725393319377,2
38,3,66.6666666666667,12.8970280814354,2
39,3,72.6666666666667,13.4288247189891,2
40,3,83,9.64365076099295,2
41,3,77.6666666666667,9.07377172587747,2
42,3,82.3333333333333,6.65832811847939,2
43,3,81.3333333333333,2.08166599946613,2
44,3,81.3333333333333,7.76745346515403,2
45,3,78.6666666666667,3.51188458428425,2
46,3,82.6666666666667,4.04145188432738,2
47,3,73.6666666666667,3.21455025366432,2
48,3,62,2,2
49,3,58,2.64575131106459,2
50,3,60,5,2
51,3,56,2.64575131106459,2
52,3,49,1.73205080756888,2
53,3,60.3333333333333,10.6926766215636,2
54,3,57.3333333333333,4.93288286231625,2
55,3,57.6666666666667,6.42910050732864,2
56,3,56.3333333333333,5.5075705472861,2
57,3,50.3333333333333,8.50490054811538,2
58,3,59.6666666666667,12.6622799421484,2
59,3,57,5.29150262212918,2
60,3,62.6666666666667,15.6950098226581,2
61,3,64,6.557438524302,2
62,3,70,13,2
63,3,72.6666666666667,12.8970280814354,2
64,3,73.6666666666667,19.1398362932741,2
65,3,76,15.8745078663875,2
66,3,84.3333333333333,11.9303534454489,2
67,3,81,2.64575131106459,2
68,3,77.3333333333333,3.05505046330389,2
69,3,78.6666666666667,2.88675134594813,2
70,3,82.6666666666667,7.63762615825973,2
71,3,86,9.53939201416946,2
72,3,84.3333333333333,5.03322295684717,2
1,3,75.3333333333333,5.5075705472861,3
2,3,78.6666666666667,4.04145188432738,3
3,3,78.3333333333333,5.5075705472861,3
4,3,77.6666666666667,4.93288286231625,3
5,3,78.3333333333333,3.05505046330389,3
6,3,61,4.58257569495584,3
7,3,57,3.60555127546399,3
8,3,59.6666666666667,11.0151410945722,3
9,3,78,12.5299640861417,3
10,3,79.6666666666667,5.13160143944688,3
11,3,78.3333333333333,5.85946527708232,3
12,3,80.3333333333333,9.29157324317757,3
13,3,79.6666666666667,5.5075705472861,3
14,3,82.3333333333333,6.65832811847939,3
15,3,83.6666666666667,7.76745346515403,3
16,3,81.6666666666667,2.51661147842358,3
17,3,84,4.35889894354067,3
18,3,56.3333333333333,9.50438495292217,3
19,3,59.6666666666667,4.72581562625261,3
20,3,64,6.92820323027551,3
21,3,78.6666666666667,6.42910050732864,3
22,3,80.6666666666667,7.23417813807024,3
23,3,82.3333333333333,5.13160143944688,3
24,3,85,2.64575131106459,3
25,3,81,2.64575131106459,3
26,3,78,5.19615242270663,3
27,3,75.3333333333333,3.51188458428425,3
28,3,74,4,3
29,3,53.3333333333333,7.23417813807024,3
30,3,56.6666666666667,3.51188458428425,3
31,3,55,3.46410161513775,3
32,3,54.6666666666667,3.51188458428425,3
33,3,56.3333333333333,0.577350269189626,3
34,3,58,2.64575131106459,3
35,3,63.6666666666667,7.02376916856849,3
36,3,56.6666666666667,4.16333199893227,3
37,3,60,3,3
38,3,60.3333333333333,7.63762615825973,3
39,3,62,5.29150262212918,3
40,3,75,11.5325625946708,3
41,3,80,5.56776436283002,3
42,3,75.6666666666667,8.14452781524708,3
43,3,77.6666666666667,4.72581562625261,3
44,3,77,6.08276253029822,3
45,3,80,4,3
46,3,80.6666666666667,6.42910050732864,3
47,3,74,4,3
48,3,63,5.29150262212918,3
49,3,57.6666666666667,2.08166599946613,3
50,3,58.3333333333333,2.51661147842358,3
51,3,53.6666666666667,4.93288286231625,3
52,3,49.6666666666667,3.05505046330389,3
53,3,57.3333333333333,2.3094010767585,3
54,3,59.3333333333333,6.80685928555405,3
55,3,52.3333333333333,8.32666399786453,3
56,3,53.3333333333333,4.93288286231625,3
57,3,53,5.19615242270663,3
58,3,56,7.81024967590665,3
59,3,61.3333333333333,4.72581562625261,3
60,3,62.6666666666667,10.0664459136943,3
61,3,64.3333333333333,3.05505046330389,3
62,3,71.3333333333333,6.65832811847939,3
63,3,67.6666666666667,5.68624070307733,3
64,3,71.3333333333333,3.05505046330389,3
65,3,73.3333333333333,5.03322295684717,3
66,3,90.6666666666667,0.577350269189626,3
67,3,86,4.35889894354067,3
68,3,83,1,3
69,3,85,4.35889894354067,3
70,3,84.6666666666667,4.72581562625261,3
71,3,84,5.19615242270663,3
72,3,80.3333333333333,7.09459888459759,3
1,3,77.6666666666667,17.3877351409933,4
2,3,79.6666666666667,10.6926766215636,4
3,3,84.6666666666667,17.5594229214212,4
4,3,75,17.4355957741627,4
5,3,76.3333333333333,13.0511813003013,4
6,3,58.6666666666667,8.7368949480541,4
7,3,64.6666666666667,4.72581562625261,4
8,3,69,1,4
9,3,77,6.08276253029822,4
10,3,85,12.4899959967968,4
11,3,85.6666666666667,14.0118997046558,4
12,3,81.6666666666667,17.0977581376429,4
13,3,82.6666666666667,11.1504857891185,4
14,3,81.3333333333333,8.50490054811538,4
15,3,85,11.2694276695846,4
16,3,84.3333333333333,11.3724814061547,4
17,3,81.3333333333333,15.2752523165195,4
18,3,62.3333333333333,11.7189305541646,4
19,3,66.6666666666667,6.35085296108588,4
20,3,72.3333333333333,8.62167810425171,4
21,3,89.3333333333333,7.50555349946514,4
22,3,88,11.3578166916005,4
23,3,90.3333333333333,12.6622799421484,4
24,3,82,15.0996688705415,4
25,3,82,9.53939201416946,4
26,3,85.6666666666667,8.38649708360608,4
27,3,78,14.7309198626562,4
28,3,72.6666666666667,19.1398362932741,4
29,3,56,12,4
30,3,60.6666666666667,16.5025250593154,4
31,3,62.3333333333333,16.0416125540213,4
32,3,59,16.8226038412607,4
33,3,55.6666666666667,9.01849950564579,4
34,3,57.6666666666667,9.86576572463249,4
35,3,63.3333333333333,6.50640709864771,4
36,3,55.3333333333333,2.08166599946613,4
37,3,64.3333333333333,9.29157324317757,4
38,3,68,7.81024967590665,4
39,3,76,2.64575131106459,4
40,3,81,4.35889894354067,4
41,3,81.3333333333333,17.0098010962308,4
42,3,82,11,4
43,3,84,16.6433169770932,4
44,3,83.3333333333333,14.9777612924406,4
45,3,80.6666666666667,12.6622799421484,4
46,3,85,19.157244060668,4
47,3,75,11.3578166916005,4
48,3,66.3333333333333,7.50555349946514,4
49,3,59.3333333333333,14.6401275039985,4
50,3,53.3333333333333,17.0391705588427,4
51,3,61,13,4
52,3,50.3333333333333,7.02376916856849,4
53,3,57,19.313207915828,4
54,3,62,17,4
55,3,58.6666666666667,14.5028732785381,4
56,3,58.3333333333333,20.8406653764541,4
57,3,58,11.5325625946708,4
58,3,66,8.18535277187245,4
59,3,66,11.2694276695846,4
60,3,73.3333333333333,13.2790561913614,4
61,3,76.6666666666667,14.0118997046558,4
62,3,78.3333333333333,7.23417813807024,4
63,3,84,11.13552872566,4
64,3,88.3333333333333,14.4683562761405,4
65,3,88,6.557438524302,4
66,3,89,9.64365076099295,4
67,3,87,12.1243556529821,4
68,3,86.3333333333333,13.2035348802256,4
69,3,86.6666666666667,16.2890556304942,4
70,3,87,10.5830052442584,4
71,3,85.6666666666667,13.7961347243833,4
72,3,86.6666666666667,13.0511813003013,4
1,3,88,7.54983443527075,5
2,3,91,8.71779788708135,5
3,3,95.6666666666667,12.0968315410827,5
4,3,90,7.93725393319377,5
5,3,82,14.7986485869487,5
6,3,64,1,5
7,3,54.6666666666667,15.3731367434669,5
8,3,66,4.58257569495584,5
9,3,83.3333333333333,14.047538337137,5
10,3,91,8.71779788708135,5
11,3,86.3333333333333,17.7857620959388,5
12,3,83,16.0934769394311,5
13,3,88,14.1774468787578,5
14,3,92.3333333333333,14.1891977691952,5
15,3,93.6666666666667,11.3724814061547,5
16,3,97.3333333333333,3.05505046330389,5
17,3,80.3333333333333,2.08166599946613,5
18,3,54.3333333333333,7.76745346515403,5
19,3,61.6666666666667,8.38649708360608,5
20,3,68,3.46410161513775,5
21,3,91.6666666666667,2.08166599946613,5
22,3,95,2.64575131106459,5
23,3,96.6666666666667,11.3724814061547,5
24,3,94,10.4403065089106,5
25,3,88.3333333333333,11.6761865920913,5
26,3,85,15.5884572681199,5
27,3,79.3333333333333,9.50438495292217,5
28,3,64.6666666666667,11.5902257671425,5
29,3,54,3.60555127546399,5
30,3,61.6666666666667,8.02080627701064,5
31,3,59.6666666666667,7.63762615825973,5
32,3,55.6666666666667,11.5902257671425,5
33,3,56.6666666666667,7.23417813807024,5
34,3,61.6666666666667,3.21455025366432,5
35,3,63,6.557438524302,5
36,3,64.3333333333333,6.35085296108588,5
37,3,66.3333333333333,5.03322295684717,5
38,3,71,9.53939201416946,5
39,3,69.3333333333333,7.02376916856849,5
40,3,83.6666666666667,9.01849950564579,5
41,3,88.6666666666667,4.04145188432738,5
42,3,94,9.53939201416946,5
43,3,95,7.81024967590665,5
44,3,93.3333333333333,12.3423390543824,5
45,3,95,12.7671453348037,5
46,3,91.6666666666667,9.29157324317757,5
47,3,75,7.93725393319377,5
48,3,63.3333333333333,0.577350269189626,5
49,3,66.6666666666667,0.577350269189626,5
50,3,62.3333333333333,8.02080627701064,5
51,3,67.6666666666667,6.42910050732864,5
52,3,56.3333333333333,13.0511813003013,5
53,3,60,5.29150262212918,5
54,3,63.6666666666667,9.81495457622364,5
55,3,56.6666666666667,17.156145643277,5
56,3,60.6666666666667,13.0511813003013,5
57,3,60.3333333333333,10.6926766215636,5
58,3,54.3333333333333,13.6503968196288,5
59,3,68,7.54983443527075,5
60,3,64,9.64365076099295,5
61,3,73.3333333333333,4.61880215351701,5
62,3,78,9.53939201416946,5
63,3,85,6.2449979983984,5
64,3,86.6666666666667,10.2143689640297,5
65,3,89.6666666666667,13.7961347243833,5
66,3,104.333333333333,5.03322295684717,5
67,3,100,6.08276253029822,5
68,3,94.3333333333333,8.14452781524708,5
69,3,101,4.35889894354067,5
70,3,94.6666666666667,7.50555349946514,5
71,3,99,8.54400374531753,5
72,3,97,3.60555127546399,5
1,3,69.3333333333333,13.3166562369588,6
2,3,74.3333333333333,4.72581562625261,6
3,3,78,3,6
4,3,73.6666666666667,3.21455025366432,6
5,3,71.3333333333333,6.42910050732864,6
6,3,59.3333333333333,6.50640709864771,6
7,3,61.6666666666667,6.80685928555405,6
8,3,58.3333333333333,4.04145188432738,6
9,3,70.6666666666667,4.16333199893227,6
10,3,74.3333333333333,2.08166599946613,6
11,3,78,3.60555127546399,6
12,3,73.6666666666667,2.08166599946613,6
13,3,78.6666666666667,3.21455025366432,6
14,3,76.3333333333333,2.08166599946613,6
15,3,79.6666666666667,3.21455025366432,6
16,3,77,2.64575131106459,6
17,3,78,2.64575131106459,6
18,3,60.6666666666667,9.45163125250522,6
19,3,70.3333333333333,10.5039675043925,6
20,3,67,12.2882057274445,6
21,3,78,3,6
22,3,77,7.93725393319377,6
23,3,79.3333333333333,4.93288286231625,6
24,3,75.6666666666667,4.04145188432738,6
25,3,75.3333333333333,6.65832811847939,6
26,3,73.3333333333333,6.80685928555405,6
27,3,71.6666666666667,9.50438495292217,6
28,3,63.6666666666667,2.88675134594813,6
29,3,65,5,6
30,3,66.3333333333333,9.01849950564579,6
31,3,65.6666666666667,12.0138808606267,6
32,3,63,8.88819441731559,6
33,3,60.6666666666667,5.85946527708232,6
34,3,65,3.46410161513775,6
35,3,63.3333333333333,4.16333199893227,6
36,3,62.3333333333333,2.08166599946613,6
37,3,63.3333333333333,6.11010092660779,6
38,3,65,8.54400374531753,6
39,3,65,9.16515138991168,6
40,3,73.3333333333333,1.15470053837925,6
41,3,80,1.73205080756888,6
42,3,74.3333333333333,2.88675134594813,6
43,3,78.3333333333333,5.5075705472861,6
44,3,74.6666666666667,4.04145188432738,6
45,3,78.3333333333333,2.51661147842358,6
46,3,76.3333333333333,7.02376916856849,6
47,3,72.6666666666667,1.52752523165195,6
48,3,70.6666666666667,9.29157324317757,6
49,3,67.3333333333333,4.50924975282289,6
50,3,68,11.7898261225516,6
51,3,61.3333333333333,3.21455025366432,6
52,3,56,4.58257569495584,6
53,3,66,11.5325625946708,6
54,3,64.3333333333333,5.68624070307733,6
55,3,55,0,6
56,3,51,14.1067359796659,6
57,3,50,10.5830052442584,6
58,3,63,4,6
59,3,68,1.73205080756888,6
60,3,68.3333333333333,2.51661147842358,6
61,3,76.3333333333333,10.4083299973307,6
62,3,74,6.08276253029822,6
63,3,74.6666666666667,4.16333199893227,6
64,3,78.3333333333333,2.08166599946613,6
65,3,76,1,6
66,3,77.6666666666667,3.21455025366432,6
67,3,78.6666666666667,9.01849950564579,6
68,3,75,7,6
69,3,78.3333333333333,6.42910050732864,6
70,3,77,7.93725393319377,6
71,3,79,9.64365076099295,6
72,3,72.6666666666667,8.02080627701064,6
1,3,77.6666666666667,5.5075705472861,7
2,3,75.3333333333333,6.42910050732864,7
3,3,71.6666666666667,12.8582010146573,7
4,3,69.3333333333333,16.0727512683216,7
5,3,68.3333333333333,12.4230967690562,7
6,3,57.3333333333333,7.09459888459759,7
7,3,55.6666666666667,5.68624070307733,7
8,3,59.3333333333333,5.77350269189626,7
9,3,72,5.29150262212918,7
10,3,74,5.29150262212918,7
11,3,71.6666666666667,12.0968315410827,7
12,3,70.3333333333333,14.3643076176102,7
13,3,72.3333333333333,15.0111069989303,7
14,3,75.6666666666667,8.08290376865476,7
15,3,76.3333333333333,11.9303534454489,7
16,3,79.3333333333333,9.07377172587747,7
17,3,75.6666666666667,7.37111479583199,7
18,3,61.3333333333333,4.72581562625261,7
19,3,48.6666666666667,7.50555349946514,7
20,3,57.6666666666667,6.65832811847939,7
21,3,70,14.1774468787578,7
22,3,73,13.228756555323,7
23,3,73,15.5884572681199,7
24,3,74.3333333333333,17.0098010962308,7
25,3,71.6666666666667,12.0968315410827,7
26,3,72.6666666666667,8.02080627701064,7
27,3,70.3333333333333,9.71253485622231,7
28,3,63,15.7162336455017,7
29,3,54,5.56776436283002,7
30,3,56.3333333333333,2.88675134594813,7
31,3,55,4,7
32,3,50.3333333333333,2.3094010767585,7
33,3,52.3333333333333,2.88675134594813,7
34,3,58.3333333333333,3.21455025366432,7
35,3,59.6666666666667,7.23417813807024,7
36,3,58,4.58257569495584,7
37,3,57.6666666666667,3.51188458428425,7
38,3,59.6666666666667,6.50640709864771,7
39,3,61,7.81024967590665,7
40,3,73,4.35889894354067,7
41,3,70.6666666666667,9.45163125250522,7
42,3,73.3333333333333,10.785793124909,7
43,3,75,15.8745078663875,7
44,3,70,16.5227116418583,7
45,3,74.6666666666667,16.1967074843418,7
46,3,75,20.4205778566621,7
47,3,61.3333333333333,25.8907963055085,7
48,3,65.6666666666667,8.62167810425171,7
49,3,57.3333333333333,2.08166599946613,7
50,3,60,2.64575131106459,7
51,3,60.6666666666667,2.51661147842358,7
52,3,48,3.60555127546399,7
53,3,56.3333333333333,7.37111479583199,7
54,3,58.3333333333333,3.05505046330389,7
55,3,52.3333333333333,3.05505046330389,7
56,3,53.3333333333333,0.577350269189626,7
57,3,46.6666666666667,3.05505046330389,7
58,3,57,5.29150262212918,7
59,3,58.6666666666667,8.50490054811538,7
60,3,54.6666666666667,12.7410099024109,7
61,3,60,8.66025403784439,7
62,3,63.3333333333333,9.07377172587747,7
63,3,66,9.16515138991168,7
64,3,69.6666666666667,10.1159939369957,7
65,3,66,3.46410161513775,7
66,3,79.3333333333333,2.88675134594813,7
67,3,79,6.2449979983984,7
68,3,73.3333333333333,9.60902353693305,7
69,3,74,12.4899959967968,7
70,3,78.6666666666667,11.060440015358,7
71,3,77.6666666666667,17.2433562085034,7
72,3,66,23.259406699226,7
1,3,72.3333333333333,13.5769412362775,8
2,3,78,14.7986485869487,8
3,3,82,16.6433169770932,8
4,3,76,11.5325625946708,8
5,3,75,13.114877048604,8
6,3,60.3333333333333,9.07377172587747,8
7,3,62.6666666666667,4.50924975282289,8
8,3,64.6666666666667,6.02771377334171,8
9,3,78.6666666666667,15.8850034099251,8
10,3,80,13,8
11,3,81.6666666666667,15.1437555888007,8
12,3,79.3333333333333,14.4683562761405,8
13,3,79,10.4403065089106,8
14,3,82.3333333333333,13.5769412362775,8
15,3,83.6666666666667,11.060440015358,8
16,3,86,15.8745078663875,8
17,3,76.3333333333333,6.42910050732864,8
18,3,65,3.60555127546399,8
19,3,65.6666666666667,4.93288286231625,8
20,3,65.6666666666667,3.21455025366432,8
21,3,73.6666666666667,20.4042479237372,8
22,3,77,21.51743479135,8
23,3,82.6666666666667,17.6729548557488,8
24,3,80,20.2237484161567,8
25,3,82,13.8924439894498,8
26,3,78.6666666666667,9.86576572463249,8
27,3,75.6666666666667,7.76745346515403,8
28,3,68.3333333333333,21.3853532431273,8
29,3,62.6666666666667,4.50924975282289,8
30,3,65,6.2449979983984,8
31,3,67.3333333333333,6.42910050732864,8
32,3,66,5.29150262212918,8
33,3,61,5.29150262212918,8
34,3,63,6.2449979983984,8
35,3,58.3333333333333,16.2583311976763,8
36,3,57.3333333333333,5.5075705472861,8
37,3,63.6666666666667,6.02771377334171,8
38,3,68,11.3578166916005,8
39,3,67.3333333333333,5.13160143944688,8
40,3,79.6666666666667,11.7189305541646,8
41,3,79,15.1327459504216,8
42,3,78.6666666666667,15.0111069989303,8
43,3,78,11.2694276695846,8
44,3,80,9.53939201416946,8
45,3,81.3333333333333,20.6478408879314,8
46,3,80.6666666666667,15.5349069303081,8
47,3,72,2,8
48,3,66.6666666666667,4.72581562625261,8
49,3,70.3333333333333,6.42910050732864,8
50,3,72.6666666666667,8.08290376865476,8
51,3,72,8,8
52,3,63.3333333333333,14.0118997046558,8
53,3,67.6666666666667,4.04145188432738,8
54,3,75,8.71779788708135,8
55,3,69.6666666666667,12.8582010146573,8
56,3,69.6666666666667,6.80685928555405,8
57,3,60,8,8
58,3,69.3333333333333,4.50924975282289,8
59,3,65.3333333333333,9.71253485622231,8
60,3,73.6666666666667,7.37111479583199,8
61,3,73.6666666666667,5.5075705472861,8
62,3,73.6666666666667,12.0138808606267,8
63,3,79.6666666666667,12.0554275466834,8
64,3,81.6666666666667,16.1658075373095,8
65,3,86,15.8745078663875,8
66,3,85,19.0787840283389,8
67,3,81.6666666666667,12.5830573921179,8
68,3,81.3333333333333,14.5028732785381,8
69,3,83.3333333333333,11.6761865920913,8
70,3,82.6666666666667,18.7705443004015,8
71,3,88.6666666666667,15.0111069989303,8
72,3,89.3333333333333,13.5030860670194,8
1,3,83.6666666666667,13.7961347243833,9
2,3,85,11.13552872566,9
3,3,82.3333333333333,14.0118997046558,9
4,3,81.3333333333333,15.3731367434669,9
5,3,79,14.422205101856,9
6,3,55,1,9
7,3,56,2.64575131106459,9
8,3,59,3.46410161513775,9
9,3,81,14,9
10,3,85,14.1067359796659,9
11,3,84.6666666666667,10.9696551146029,9
12,3,82,12.2882057274445,9
13,3,86,14.422205101856,9
14,3,82.3333333333333,10.2632028788938,9
15,3,86.6666666666667,7.50555349946514,9
16,3,79.6666666666667,12.6622799421484,9
17,3,89,7.93725393319377,9
18,3,63.6666666666667,3.51188458428425,9
19,3,57,6.2449979983984,9
20,3,59.6666666666667,4.93288286231625,9
21,3,75.6666666666667,5.5075705472861,9
22,3,82,7.81024967590665,9
23,3,88.3333333333333,6.42910050732864,9
24,3,80.3333333333333,6.02771377334171,9
25,3,81.3333333333333,5.5075705472861,9
26,3,81,8.71779788708135,9
27,3,75.3333333333333,2.51661147842358,9
28,3,72,2.64575131106459,9
29,3,57.6666666666667,7.02376916856849,9
30,3,56,1,9
31,3,50.6666666666667,3.21455025366432,9
32,3,55.6666666666667,3.21455025366432,9
33,3,52,2.64575131106459,9
34,3,59.6666666666667,5.5075705472861,9
35,3,58.3333333333333,2.51661147842358,9
36,3,55,2.64575131106459,9
37,3,56.6666666666667,3.21455025366432,9
38,3,57.6666666666667,11.3724814061547,9
39,3,63,11.3578166916005,9
40,3,81.6666666666667,9.29157324317757,9
41,3,86,11.7898261225516,9
42,3,89,17.0880074906351,9
43,3,86.3333333333333,9.07377172587747,9
44,3,86.6666666666667,12.0968315410827,9
45,3,86.3333333333333,10.0664459136943,9
46,3,87.3333333333333,8.14452781524708,9
47,3,73.6666666666667,5.5075705472861,9
48,3,74.3333333333333,15.6311654502578,9
49,3,61.3333333333333,6.50640709864771,9
50,3,59.6666666666667,4.16333199893227,9
51,3,60.3333333333333,2.08166599946613,9
52,3,46.3333333333333,8.9628864398325,9
53,3,56.6666666666667,6.80685928555405,9
54,3,53,5.29150262212918,9
55,3,56,6.08276253029822,9
56,3,57.3333333333333,2.08166599946613,9
57,3,56,7.81024967590665,9
58,3,52.6666666666667,4.04145188432738,9
59,3,57.3333333333333,7.37111479583199,9
60,3,62,5.29150262212918,9
61,3,66,7.21110255092798,9
62,3,72.6666666666667,3.05505046330389,9
63,3,72,9,9
64,3,76,17.058722109232,9
65,3,78.6666666666667,17.9536440126603,9
66,3,96,10.4403065089106,9
67,3,92.6666666666667,7.76745346515403,9
68,3,92,9.53939201416946,9
69,3,92.3333333333333,10.0166528008778,9
70,3,94.3333333333333,13.5769412362775,9
71,3,90,11,9
72,3,93.3333333333333,10.5039675043925,9
1,3,87,4,10
2,3,89.6666666666667,6.02771377334171,10
3,3,88.3333333333333,2.51661147842358,10
4,3,84.6666666666667,5.77350269189626,10
5,3,83.3333333333333,4.61880215351701,10
6,3,71.3333333333333,9.50438495292217,10
7,3,71.3333333333333,17.3877351409933,10
8,3,69.6666666666667,5.68624070307733,10
9,3,83.3333333333333,13.8684293751431,10
10,3,82.6666666666667,11.5902257671425,10
11,3,85.3333333333333,9.29157324317757,10
12,3,83,9.8488578017961,10
13,3,83,7.54983443527075,10
14,3,87.6666666666667,3.05505046330389,10
15,3,89.3333333333333,6.80685928555405,10
16,3,90.6666666666667,3.51188458428425,10
17,3,83.3333333333333,13.2790561913614,10
18,3,59.6666666666667,6.42910050732864,10
19,3,59.6666666666667,2.08166599946613,10
20,3,69.6666666666667,4.72581562625261,10
21,3,90.6666666666667,5.03322295684717,10
22,3,93,3.46410161513775,10
23,3,92,8.18535277187245,10
24,3,87.3333333333333,4.72581562625261,10
25,3,87.6666666666667,8.7368949480541,10
26,3,79.3333333333333,2.08166599946613,10
27,3,81.6666666666667,1.15470053837925,10
28,3,76,2,10
29,3,53.3333333333333,7.57187779440037,10
30,3,58.3333333333333,6.50640709864771,10
31,3,57,4.58257569495584,10
32,3,56.6666666666667,3.05505046330389,10
33,3,56,5.56776436283002,10
34,3,65,17.578395831247,10
35,3,64.6666666666667,13.6137185711081,10
36,3,59.3333333333333,12.0968315410827,10
37,3,60.3333333333333,6.80685928555405,10
38,3,61,5.29150262212918,10
39,3,68,8.71779788708135,10
40,3,87,10.5830052442584,10
41,3,88,4.58257569495584,10
42,3,86.6666666666667,4.16333199893227,10
43,3,85,6.2449979983984,10
44,3,85,12.1655250605964,10
45,3,83,12.5299640861417,10
46,3,83,10.5830052442584,10
47,3,69,23.8117617995813,10
48,3,72,11.5325625946708,10
49,3,62.6666666666667,9.07377172587747,10
50,3,60.3333333333333,8.02080627701064,10
51,3,55.3333333333333,8.02080627701064,10
52,3,51.3333333333333,2.3094010767585,10
53,3,66.6666666666667,8.50490054811538,10
54,3,57,3.60555127546399,10
55,3,64.6666666666667,7.09459888459759,10
56,3,54.6666666666667,1.52752523165195,10
57,3,58.6666666666667,2.08166599946613,10
58,3,61.6666666666667,3.21455025366432,10
59,3,68,2.64575131106459,10
60,3,70.3333333333333,2.08166599946613,10
61,3,66,5.29150262212918,10
62,3,74.6666666666667,3.05505046330389,10
63,3,79.6666666666667,11.060440015358,10
64,3,84.3333333333333,11.9303534454489,10
65,3,88.6666666666667,15.3079500042734,10
66,3,91,4,10
67,3,92,5.56776436283002,10
68,3,89.6666666666667,2.88675134594813,10
69,3,94.3333333333333,3.51188458428425,10
70,3,88,1.73205080756888,10
71,3,88.3333333333333,7.02376916856849,10
72,3,82.6666666666667,0.577350269189626,10
1,3,83,10.4403065089106,11
2,3,88.6666666666667,9.71253485622231,11
3,3,86.6666666666667,7.50555349946514,11
4,3,85,5.19615242270663,11
5,3,74.3333333333333,5.77350269189626,11
6,3,61,4,11
7,3,60.3333333333333,4.04145188432738,11
8,3,67.6666666666667,6.65832811847939,11
9,3,87.3333333333333,8.32666399786453,11
10,3,83.3333333333333,11.9303534454489,11
11,3,90.3333333333333,9.07377172587747,11
12,3,85.6666666666667,9.29157324317757,11
13,3,84.3333333333333,11.5902257671425,11
14,3,86.3333333333333,5.68624070307733,11
15,3,90.6666666666667,6.65832811847939,11
16,3,90,7.93725393319377,11
17,3,81,11.7898261225516,11
18,3,60.3333333333333,4.16333199893227,11
19,3,55.6666666666667,5.5075705472861,11
20,3,61,11.7898261225516,11
21,3,90.3333333333333,1.15470053837925,11
22,3,86.3333333333333,0.577350269189626,11
23,3,92.6666666666667,1.52752523165195,11
24,3,86,6.2449979983984,11
25,3,84,5.29150262212918,11
26,3,79.6666666666667,5.5075705472861,11
27,3,73,9.8488578017961,11
28,3,67.6666666666667,8.02080627701064,11
29,3,54.3333333333333,4.04145188432738,11
30,3,54,7.54983443527075,11
31,3,56.3333333333333,4.04145188432738,11
32,3,56.6666666666667,13.6137185711081,11
33,3,53.6666666666667,7.23417813807024,11
34,3,56.6666666666667,4.61880215351701,11
35,3,61,6.557438524302,11
36,3,57.3333333333333,4.93288286231625,11
37,3,56,2.64575131106459,11
38,3,59.6666666666667,10.4083299973307,11
39,3,63,9.8488578017961,11
40,3,85,5.29150262212918,11
41,3,81.6666666666667,2.3094010767585,11
42,3,88.3333333333333,2.08166599946613,11
43,3,87,2.64575131106459,11
44,3,89.6666666666667,4.72581562625261,11
45,3,91.6666666666667,1.15470053837925,11
46,3,91.3333333333333,3.78593889720018,11
47,3,82.3333333333333,3.51188458428425,11
48,3,66.6666666666667,4.04145188432738,11
49,3,65,2.64575131106459,11
50,3,64.6666666666667,2.08166599946613,11
51,3,59,4.35889894354067,11
52,3,56.6666666666667,5.77350269189626,11
53,3,47.3333333333333,9.45163125250522,11
54,3,53,3.60555127546399,11
55,3,54.3333333333333,8.9628864398325,11
56,3,60,13,11
57,3,58.6666666666667,3.05505046330389,11
58,3,51.6666666666667,4.04145188432738,11
59,3,59,2.64575131106459,11
60,3,65.6666666666667,5.5075705472861,11
61,3,66,5.19615242270663,11
62,3,69.6666666666667,6.11010092660779,11
63,3,67.6666666666667,11.9303534454489,11
64,3,70.6666666666667,12.2202018532156,11
65,3,72,11.5325625946708,11
66,3,94,5.19615242270663,11
67,3,91.6666666666667,1.15470053837925,11
68,3,89.3333333333333,1.52752523165195,11
69,3,93,3.46410161513775,11
70,3,94.3333333333333,5.77350269189626,11
71,3,94.3333333333333,2.88675134594813,11
72,3,93,5,11
1,3,80,6.08276253029822,12
2,3,87.3333333333333,2.08166599946613,12
3,3,86.3333333333333,2.51661147842358,12
4,3,80.3333333333333,11.5902257671425,12
5,3,77.3333333333333,17.2143351115671,12
6,3,56,9.53939201416946,12
7,3,63.6666666666667,4.93288286231625,12
8,3,68.6666666666667,3.05505046330389,12
9,3,88.3333333333333,7.02376916856849,12
10,3,88,3,12
11,3,91.6666666666667,1.15470053837925,12
12,3,89.6666666666667,1.15470053837925,12
13,3,90,1.73205080756888,12
14,3,83,3.46410161513775,12
15,3,87.3333333333333,7.50555349946514,12
16,3,84.3333333333333,15.8850034099251,12
17,3,73,16.7032930884901,12
18,3,63.6666666666667,2.88675134594813,12
19,3,59.3333333333333,9.29157324317757,12
20,3,65,12.4899959967968,12
21,3,90,7.21110255092798,12
22,3,93,4.58257569495584,12
23,3,94.3333333333333,5.77350269189626,12
24,3,92.6666666666667,5.5075705472861,12
25,3,88,10.816653826392,12
26,3,86.6666666666667,3.05505046330389,12
27,3,80.6666666666667,6.50640709864771,12
28,3,74,3.46410161513775,12
29,3,53,3.60555127546399,12
30,3,53.3333333333333,1.15470053837925,12
31,3,56.3333333333333,0.577350269189626,12
32,3,51.3333333333333,3.21455025366432,12
33,3,57.3333333333333,1.15470053837925,12
34,3,57.6666666666667,8.62167810425171,12
35,3,65.6666666666667,3.05505046330389,12
36,3,68.3333333333333,7.76745346515403,12
37,3,65.6666666666667,4.04145188432738,12
38,3,66,8.71779788708135,12
39,3,70.6666666666667,9.29157324317757,12
40,3,84.3333333333333,5.77350269189626,12
41,3,89,7.54983443527075,12
42,3,86.3333333333333,4.61880215351701,12
43,3,85,3,12
44,3,86.3333333333333,4.72581562625261,12
45,3,84,4.35889894354067,12
46,3,82,5.56776436283002,12
47,3,75.6666666666667,9.60902353693305,12
48,3,61.6666666666667,0.577350269189626,12
49,3,58,1,12
50,3,54.6666666666667,7.63762615825973,12
51,3,57.6666666666667,1.52752523165195,12
52,3,52,8.66025403784439,12
53,3,55.6666666666667,3.78593889720018,12
54,3,54.6666666666667,4.50924975282289,12
55,3,60,2.64575131106459,12
56,3,52.3333333333333,0.577350269189626,12
57,3,55,4.35889894354067,12
58,3,57,3.60555127546399,12
59,3,59.3333333333333,8.02080627701064,12
60,3,61.6666666666667,14.0118997046558,12
61,3,60,5.19615242270663,12
62,3,69.3333333333333,3.78593889720018,12
63,3,70,13.8924439894498,12
64,3,75.6666666666667,23.7557010701291,12
65,3,74,14,12
66,3,88.6666666666667,4.72581562625261,12
67,3,88.6666666666667,0.577350269189626,12
68,3,91.3333333333333,1.52752523165195,12
69,3,93.6666666666667,3.05505046330389,12
70,3,90,5.56776436283002,12
71,3,87.6666666666667,3.51188458428425,12
72,3,90.6666666666667,5.77350269189626,12
1,3,78.3333333333333,15.502687938978,13
2,3,80,12.1655250605964,13
3,3,80,16.5227116418583,13
4,3,71,21.9317121994613,13
5,3,69.6666666666667,8.62167810425171,13
6,3,62.3333333333333,5.03322295684717,13
7,3,64,7.54983443527075,13
8,3,70.6666666666667,10.2632028788938,13
9,3,77,18.3303027798234,13
10,3,78.3333333333333,14.1539158303748,13
11,3,76,17.058722109232,13
12,3,75.3333333333333,15.5349069303081,13
13,3,81,10,13
14,3,79.6666666666667,9.07377172587747,13
15,3,80.6666666666667,8.50490054811538,13
16,3,82.3333333333333,11.0151410945722,13
17,3,75.6666666666667,4.04145188432738,13
18,3,60.3333333333333,9.71253485622231,13
19,3,56.3333333333333,15.3731367434669,13
20,3,67,14.1774468787578,13
21,3,80.6666666666667,12.0968315410827,13
22,3,83,19.9749843554382,13
23,3,83,21.6564078277077,13
24,3,79.6666666666667,20.5507501890645,13
25,3,76.6666666666667,21.4553800556721,13
26,3,69,30.347981810987,13
27,3,68.6666666666667,7.76745346515403,13
28,3,61,17.578395831247,13
29,3,59,3.60555127546399,13
30,3,60.3333333333333,2.08166599946613,13
31,3,54,5.19615242270663,13
32,3,57,7,13
33,3,56,4.58257569495584,13
34,3,59.6666666666667,8.08290376865476,13
35,3,62.3333333333333,10.0166528008778,13
36,3,59.3333333333333,11.5902257671425,13
37,3,62,1,13
38,3,62.6666666666667,7.23417813807024,13
39,3,63.3333333333333,8.08290376865476,13
40,3,77,6.2449979983984,13
41,3,77,13.4536240470737,13
42,3,78.3333333333333,11.5902257671425,13
43,3,81.3333333333333,14.2243921955679,13
44,3,80.3333333333333,25.9679289380831,13
45,3,78,17.3493515728975,13
46,3,77.6666666666667,18.7705443004015,13
47,3,70,14.9331845230681,13
48,3,66.6666666666667,11.5902257671425,13
49,3,65.6666666666667,10.6926766215636,13
50,3,68.3333333333333,11.060440015358,13
51,3,60.3333333333333,14.2243921955679,13
52,3,57.3333333333333,11.7189305541646,13
53,3,61.6666666666667,6.50640709864771,13
54,3,64.3333333333333,5.5075705472861,13
55,3,56.3333333333333,8.14452781524708,13
56,3,58.6666666666667,4.50924975282289,13
57,3,52.3333333333333,4.72581562625261,13
58,3,58.6666666666667,2.08166599946613,13
59,3,61.3333333333333,4.72581562625261,13
60,3,56,17.7763888346312,13
61,3,67.6666666666667,2.51661147842358,13
62,3,77,1.73205080756888,13
63,3,77.3333333333333,11.060440015358,13
64,3,83.6666666666667,11.7189305541646,13
65,3,87.6666666666667,14.3643076176102,13
66,3,86,11.3578166916005,13
67,3,84.6666666666667,10.9696551146029,13
68,3,78,19.157244060668,13
69,3,79,20.2237484161567,13
70,3,77,16.3707055437449,13
71,3,82.6666666666667,25.6969518296107,13
72,3,78.6666666666667,20.6478408879314,13
1,3,82,11,14
2,3,85,6,14
3,3,86.6666666666667,8.50490054811538,14
4,3,85.6666666666667,4.16333199893227,14
5,3,77,2.64575131106459,14
6,3,68,4.58257569495584,14
7,3,59.6666666666667,3.51188458428425,14
8,3,68.3333333333333,8.38649708360608,14
9,3,80.6666666666667,4.50924975282289,14
10,3,84,4.35889894354067,14
11,3,83.3333333333333,3.21455025366432,14
12,3,84.3333333333333,3.51188458428425,14
13,3,81.3333333333333,14.1539158303748,14
14,3,86.3333333333333,5.5075705472861,14
15,3,90,9,14
16,3,88.6666666666667,5.03322295684717,14
17,3,78.6666666666667,3.21455025366432,14
18,3,67.6666666666667,6.65832811847939,14
19,3,65,5.29150262212918,14
20,3,71.3333333333333,8.08290376865476,14
21,3,85.6666666666667,4.04145188432738,14
22,3,91,8.71779788708135,14
23,3,93,3,14
24,3,88,5,14
25,3,84,2,14
26,3,82.6666666666667,3.78593889720018,14
27,3,69.3333333333333,3.78593889720018,14
28,3,68.6666666666667,2.08166599946613,14
29,3,55,10.4403065089106,14
30,3,60,9.16515138991168,14
31,3,57.6666666666667,8.32666399786453,14
32,3,52.3333333333333,8.38649708360608,14
33,3,56,5.19615242270663,14
34,3,51,6.557438524302,14
35,3,58,3.60555127546399,14
36,3,51.3333333333333,9.29157324317757,14
37,3,53.3333333333333,6.65832811847939,14
38,3,56.3333333333333,8.08290376865476,14
39,3,59.6666666666667,7.76745346515403,14
40,3,78.3333333333333,8.50490054811538,14
41,3,80.3333333333333,4.72581562625261,14
42,3,80.3333333333333,4.04145188432738,14
43,3,85,5.29150262212918,14
44,3,81.6666666666667,10.0664459136943,14
45,3,85.6666666666667,9.07377172587747,14
46,3,84.6666666666667,4.16333199893227,14
47,3,76,9.8488578017961,14
48,3,67.3333333333333,12.0968315410827,14
49,3,67,8.88819441731559,14
50,3,63,11.2694276695846,14
51,3,62.6666666666667,8.9628864398325,14
52,3,51.3333333333333,5.03322295684717,14
53,3,55.3333333333333,4.93288286231625,14
54,3,55.6666666666667,10.9696551146029,14
55,3,58.6666666666667,11.5902257671425,14
56,3,55.3333333333333,5.13160143944688,14
57,3,54,4.58257569495584,14
58,3,52.3333333333333,3.78593889720018,14
59,3,64.3333333333333,3.78593889720018,14
60,3,70.3333333333333,11.0151410945722,14
61,3,70,5,14
62,3,77.3333333333333,10.0664459136943,14
63,3,76.3333333333333,9.07377172587747,14
64,3,80,12.5299640861417,14
65,3,83,8.54400374531753,14
66,3,89.3333333333333,8.9628864398325,14
67,3,85.6666666666667,10.2143689640297,14
68,3,86.3333333333333,6.42910050732864,14
69,3,86.3333333333333,9.50438495292217,14
70,3,86.6666666666667,8.02080627701064,14
71,3,90.6666666666667,11.9303534454489,14
72,3,86.6666666666667,9.45163125250522,14
1,3,73.6666666666667,4.04145188432738,15
2,3,74.3333333333333,11.5470053837925,15
3,3,76.3333333333333,15.8850034099251,15
4,3,72,18.0831413200251,15
5,3,68.6666666666667,16.6232768530556,15
6,3,58,10.5356537528527,15
7,3,62,7.81024967590665,15
8,3,60,5,15
9,3,73.3333333333333,13.2790561913614,15
10,3,75.3333333333333,11.7189305541646,15
11,3,76.6666666666667,17.3877351409933,15
12,3,71.3333333333333,16.5630109984065,15
13,3,66,21.9317121994613,15
14,3,75,16.5227116418583,15
15,3,76.6666666666667,14.6401275039985,15
16,3,76.6666666666667,16.4418166068514,15
17,3,81.6666666666667,6.80685928555405,15
18,3,50.6666666666667,8.38649708360608,15
19,3,60.3333333333333,10.6926766215636,15
20,3,53.3333333333333,15.0443787951957,15
21,3,74.6666666666667,16.0416125540213,15
22,3,77.3333333333333,17.6162803489651,15
23,3,76,16.8226038412607,15
24,3,73.6666666666667,17.8978583448784,15
25,3,72.3333333333333,16.5025250593154,15
26,3,73,13.856406460551,15
27,3,70,15.0996688705415,15
28,3,64.3333333333333,21.221058723196,15
29,3,53,7.81024967590665,15
30,3,55,3,15
31,3,53.3333333333333,8.14452781524708,15
32,3,51.3333333333333,0.577350269189626,15
33,3,51,5.29150262212918,15
34,3,68.3333333333333,8.50490054811538,15
35,3,62.6666666666667,5.77350269189626,15
36,3,58,3.60555127546399,15
37,3,57,4,15
38,3,64.3333333333333,1.52752523165195,15
39,3,67,4.35889894354067,15
40,3,78.6666666666667,7.57187779440037,15
41,3,72.3333333333333,15.8850034099251,15
42,3,72.6666666666667,15.3079500042734,15
43,3,76,16.8226038412607,15
44,3,72.6666666666667,11.0151410945722,15
45,3,72.6666666666667,17.925772879665,15
46,3,74.3333333333333,18.7171935218219,15
47,3,68,26.4575131106459,15
48,3,62,8.71779788708135,15
49,3,59.3333333333333,6.65832811847939,15
50,3,61.3333333333333,7.57187779440037,15
51,3,56.3333333333333,10.6926766215636,15
52,3,52,5,15
53,3,60.6666666666667,7.09459888459759,15
54,3,59,8.54400374531753,15
55,3,53.6666666666667,12.0138808606267,15
56,3,40.6666666666667,13.6503968196288,15
57,3,56.3333333333333,16.6232768530556,15
58,3,59.3333333333333,17.0977581376429,15
59,3,63.3333333333333,8.50490054811538,15
60,3,66.6666666666667,2.88675134594813,15
61,3,70,14.7309198626562,15
62,3,75,14.422205101856,15
63,3,78,17.3493515728975,15
64,3,77.6666666666667,14.3643076176102,15
65,3,81,17.3493515728975,15
66,3,84,10.816653826392,15
67,3,79.3333333333333,12.5033328890074,15
68,3,72.3333333333333,12.5033328890074,15
69,3,77,15.8745078663875,15
70,3,75.3333333333333,16.7729941672122,15
71,3,74.6666666666667,18.1475434517549,15
72,3,64.3333333333333,28.1128677536343,15
1,3,80.3333333333333,2.08166599946613,16
2,3,79.3333333333333,7.02376916856849,16
3,3,77.6666666666667,2.88675134594813,16
4,3,72,8.88819441731559,16
5,3,73.6666666666667,6.65832811847939,16
6,3,58.6666666666667,7.76745346515403,16
7,3,57.6666666666667,9.07377172587747,16
8,3,58,9.53939201416946,16
9,3,73,8.71779788708135,16
10,3,81,7,16
11,3,82,4.35889894354067,16
12,3,76.3333333333333,5.68624070307733,16
13,3,79.3333333333333,0.577350269189626,16
14,3,79.6666666666667,3.21455025366432,16
15,3,81.3333333333333,3.21455025366432,16
16,3,80.6666666666667,4.50924975282289,16
17,3,70,9.64365076099295,16
18,3,60,4.35889894354067,16
19,3,54.6666666666667,9.07377172587747,16
20,3,62,11.5325625946708,16
21,3,86,8.18535277187245,16
22,3,87,8.66025403784439,16
23,3,85,6,16
24,3,83.6666666666667,3.21455025366432,16
25,3,81.6666666666667,10.2143689640297,16
26,3,79.6666666666667,8.08290376865476,16
27,3,77,14.525839046334,16
28,3,79.3333333333333,10.2143689640297,16
29,3,54,3.60555127546399,16
30,3,53,4.58257569495584,16
31,3,53.3333333333333,5.13160143944688,16
32,3,52,4,16
33,3,47,1.73205080756888,16
34,3,53.3333333333333,4.72581562625261,16
35,3,60.3333333333333,7.02376916856849,16
36,3,51.6666666666667,4.50924975282289,16
37,3,56.6666666666667,3.05505046330389,16
38,3,59.3333333333333,3.21455025366432,16
39,3,63,7,16
40,3,79.3333333333333,9.50438495292217,16
41,3,83.3333333333333,6.65832811847939,16
42,3,79.6666666666667,8.08290376865476,16
43,3,82.6666666666667,5.5075705472861,16
44,3,78.3333333333333,7.76745346515403,16
45,3,80,2,16
46,3,77.6666666666667,0.577350269189626,16
47,3,71,5.29150262212918,16
48,3,61.3333333333333,10.0166528008778,16
49,3,57.3333333333333,14.8436293854749,16
50,3,58.3333333333333,4.16333199893227,16
51,3,52.6666666666667,0.577350269189626,16
52,3,48,1,16
53,3,58.3333333333333,5.68624070307733,16
54,3,61,3.46410161513775,16
55,3,52,7.21110255092798,16
56,3,55.6666666666667,2.51661147842358,16
57,3,51,8.88819441731559,16
58,3,57.3333333333333,14.2243921955679,16
59,3,61.6666666666667,5.5075705472861,16
60,3,58.3333333333333,1.52752523165195,16
61,3,66.3333333333333,1.52752523165195,16
62,3,68,1.73205080756888,16
63,3,67.3333333333333,0.577350269189626,16
64,3,70.6666666666667,3.05505046330389,16
65,3,73,1,16
66,3,85.3333333333333,7.50555349946514,16
67,3,84.3333333333333,9.29157324317757,16
68,3,82.6666666666667,15.5670592384475,16
69,3,91.3333333333333,14.6401275039985,16
70,3,84.3333333333333,5.5075705472861,16
71,3,82,6.557438524302,16
72,3,83.3333333333333,13.2790561913614,16
