RowNr,N,Mean,SD,Instance
1,1,0.472,,1
2,1,0.228,,1
3,1,0.408,,1
4,1,0.232,,1
5,1,0.572,,1
6,1,0.284,,1
7,1,0.244,,1
8,1,0.284,,1
9,1,0.432,,1
10,1,0.416,,1
11,1,0.424,,1
12,1,0.216,,1
13,1,0.62,,1
14,1,0.312,,1
15,1,0.296,,1
16,1,0.42,,1
17,1,0.744,,1
18,1,0.168,,1
19,1,0.16,,1
20,1,0.236,,1
21,1,0.452,,1
22,1,0.192,,1
23,1,0.456,,1
24,1,0.26,,1
25,1,1.032,,1
26,1,0.204,,1
27,1,0.444,,1
28,1,0.44,,1
29,1,0.312,,1
30,1,0.248,,1
31,1,0.212,,1
32,1,0.328,,1
33,1,0.544,,1
34,1,0.768,,1
35,1,0.736,,1
36,1,0.336,,1
37,1,0.24,,1
38,1,0.288,,1
39,1,0.252,,1
40,1,0.668,,1
41,1,0.208,,1
42,1,0.228,,1
43,1,0.176,,1
44,1,0.484,,1
45,1,0.18,,1
46,1,0.232,,1
47,1,0.204,,1
48,1,0.24,,1
49,1,0.34,,1
50,1,0.172,,1
51,1,0.296,,1
52,1,0.66,,1
53,1,0.26,,1
54,1,0.356,,1
55,1,0.188,,1
56,1,0.312,,1
57,1,0.64,,1
58,1,0.212,,1
59,1,0.28,,1
60,1,0.204,,1
61,1,0.24,,1
62,1,0.14,,1
63,1,0.192,,1
64,1,0.312,,1
65,1,0.276,,1
66,1,0.82,,1
67,1,0.852,,1
68,1,0.816,,1
69,1,0.852,,1
70,1,0.972,,1
71,1,0.656,,1
72,1,0.776,,1
1,1,0.223443223443223,,2
2,1,0.212454212454212,,2
3,1,0.142857142857143,,2
4,1,0.142857142857143,,2
5,1,0.241758241758242,,2
6,1,0.252747252747253,,2
7,1,0.175824175824176,,2
8,1,0.216117216117216,,2
9,1,0.205128205128205,,2
10,1,0.230769230769231,,2
11,1,0.172161172161172,,2
12,1,0.197802197802198,,2
13,1,0.168498168498169,,2
14,1,0.201465201465201,,2
15,1,0.139194139194139,,2
16,1,0.153846153846154,,2
17,1,0.164835164835165,,2
18,1,0.157509157509158,,2
19,1,0.164835164835165,,2
20,1,0.135531135531136,,2
21,1,0.161172161172161,,2
22,1,0.164835164835165,,2
23,1,0.172161172161172,,2
24,1,0.146520146520147,,2
25,1,0.351648351648352,,2
26,1,0.146520146520147,,2
27,1,0.26007326007326,,2
28,1,0.454212454212454,,2
29,1,0.183150183150183,,2
30,1,0.183150183150183,,2
31,1,0.216117216117216,,2
32,1,0.186813186813187,,2
33,1,1.54212454212454,,2
34,1,0.58974358974359,,2
35,1,0.538461538461538,,2
36,1,0.252747252747253,,2
37,1,0.201465201465201,,2
38,1,0.307692307692308,,2
39,1,0.307692307692308,,2
40,1,0.15018315018315,,2
41,1,0.157509157509158,,2
42,1,0.168498168498169,,2
43,1,0.164835164835165,,2
44,1,0.201465201465201,,2
45,1,0.271062271062271,,2
46,1,0.216117216117216,,2
47,1,0.186813186813187,,2
48,1,0.278388278388278,,2
49,1,0.153846153846154,,2
50,1,0.124542124542125,,2
51,1,0.183150183150183,,2
52,1,1.61904761904762,,2
53,1,0.366300366300366,,2
54,1,0.230769230769231,,2
55,1,0.186813186813187,,2
56,1,0.194139194139194,,2
57,1,1.85714285714286,,2
58,1,0.311355311355311,,2
59,1,0.238095238095238,,2
60,1,0.205128205128205,,2
61,1,0.315018315018315,,2
62,1,0.227106227106227,,2
63,1,0.285714285714286,,2
64,1,0.271062271062271,,2
65,1,0.326007326007326,,2
66,1,1.06593406593407,,2
67,1,0.567765567765568,,2
68,1,0.582417582417583,,2
69,1,0.648351648351648,,2
70,1,1.19413919413919,,2
71,1,0.413919413919414,,2
72,1,0.908424908424908,,2
1,1,0.472,,3
2,1,0.228,,3
3,1,0.408,,3
4,1,0.232,,3
5,1,0.572,,3
6,1,0.284,,3
7,1,0.244,,3
8,1,0.284,,3
9,1,0.432,,3
10,1,0.416,,3
11,1,0.424,,3
12,1,0.216,,3
13,1,0.62,,3
14,1,0.312,,3
15,1,0.296,,3
16,1,0.42,,3
17,1,0.744,,3
18,1,0.168,,3
19,1,0.16,,3
20,1,0.236,,3
21,1,0.452,,3
22,1,0.192,,3
23,1,0.456,,3
24,1,0.26,,3
25,1,1.032,,3
26,1,0.204,,3
27,1,0.444,,3
28,1,0.44,,3
29,1,0.312,,3
30,1,0.248,,3
31,1,0.212,,3
32,1,0.328,,3
33,1,0.544,,3
34,1,0.768,,3
35,1,0.736,,3
36,1,0.336,,3
37,1,0.24,,3
38,1,0.288,,3
39,1,0.252,,3
40,1,0.668,,3
41,1,0.208,,3
42,1,0.228,,3
43,1,0.176,,3
44,1,0.484,,3
45,1,0.18,,3
46,1,0.232,,3
47,1,0.204,,3
48,1,0.24,,3
49,1,0.34,,3
50,1,0.172,,3
51,1,0.296,,3
52,1,0.66,,3
53,1,0.26,,3
54,1,0.356,,3
55,1,0.188,,3
56,1,0.312,,3
57,1,0.64,,3
58,1,0.212,,3
59,1,0.28,,3
60,1,0.204,,3
61,1,0.24,,3
62,1,0.14,,3
63,1,0.192,,3
64,1,0.312,,3
65,1,0.276,,3
66,1,0.82,,3
67,1,0.852,,3
68,1,0.816,,3
69,1,0.852,,3
70,1,0.972,,3
71,1,0.656,,3
72,1,0.776,,3
1,1,0.223443223443223,,4
2,1,0.212454212454212,,4
3,1,0.142857142857143,,4
4,1,0.142857142857143,,4
5,1,0.241758241758242,,4
6,1,0.252747252747253,,4
7,1,0.175824175824176,,4
8,1,0.216117216117216,,4
9,1,0.205128205128205,,4
10,1,0.230769230769231,,4
11,1,0.172161172161172,,4
12,1,0.197802197802198,,4
13,1,0.168498168498169,,4
14,1,0.201465201465201,,4
15,1,0.139194139194139,,4
16,1,0.153846153846154,,4
17,1,0.164835164835165,,4
18,1,0.157509157509158,,4
19,1,0.164835164835165,,4
20,1,0.135531135531136,,4
21,1,0.161172161172161,,4
22,1,0.164835164835165,,4
23,1,0.172161172161172,,4
24,1,0.146520146520147,,4
25,1,0.351648351648352,,4
26,1,0.146520146520147,,4
27,1,0.26007326007326,,4
28,1,0.454212454212454,,4
29,1,0.183150183150183,,4
30,1,0.183150183150183,,4
31,1,0.216117216117216,,4
32,1,0.186813186813187,,4
33,1,1.54212454212454,,4
34,1,0.58974358974359,,4
35,1,0.538461538461538,,4
36,1,0.252747252747253,,4
37,1,0.201465201465201,,4
38,1,0.307692307692308,,4
39,1,0.307692307692308,,4
40,1,0.15018315018315,,4
41,1,0.157509157509158,,4
42,1,0.168498168498169,,4
43,1,0.164835164835165,,4
44,1,0.201465201465201,,4
45,1,0.271062271062271,,4
46,1,0.216117216117216,,4
47,1,0.186813186813187,,4
48,1,0.278388278388278,,4
49,1,0.153846153846154,,4
50,1,0.124542124542125,,4
51,1,0.183150183150183,,4
52,1,1.61904761904762,,4
53,1,0.366300366300366,,4
54,1,0.230769230769231,,4
55,1,0.186813186813187,,4
56,1,0.194139194139194,,4
57,1,1.85714285714286,,4
58,1,0.311355311355311,,4
59,1,0.238095238095238,,4
60,1,0.205128205128205,,4
61,1,0.315018315018315,,4
62,1,0.227106227106227,,4
63,1,0.285714285714286,,4
64,1,0.271062271062271,,4
65,1,0.326007326007326,,4
66,1,1.06593406593407,,4
67,1,0.567765567765568,,4
68,1,0.582417582417583,,4
69,1,0.648351648351648,,4
70,1,1.19413919413919,,4
71,1,0.413919413919414,,4
72,1,0.908424908424908,,4
1,1,0.38,,5
2,1,0.26,,5
3,1,0.388,,5
4,1,0.228,,5
5,1,0.46,,5
6,1,0.288,,5
7,1,0.296,,5
8,1,0.292,,5
9,1,0.452,,5
10,1,0.34,,5
11,1,0.4,,5
12,1,0.188,,5
13,1,0.596,,5
14,1,0.316,,5
15,1,0.176,,5
16,1,0.36,,5
17,1,0.66,,5
18,1,0.196,,5
19,1,0.188,,5
20,1,0.184,,5
21,1,0.32,,5
22,1,0.192,,5
23,1,0.428,,5
24,1,0.196,,5
25,1,0.636,,5
26,1,0.252,,5
27,1,0.372,,5
28,1,0.432,,5
29,1,0.332,,5
30,1,0.236,,5
31,1,0.228,,5
32,1,0.264,,5
33,1,0.476,,5
34,1,0.708,,5
35,1,0.808,,5
36,1,0.348,,5
37,1,0.244,,5
38,1,0.192,,5
39,1,0.312,,5
40,1,0.424,,5
41,1,0.292,,5
42,1,0.212,,5
43,1,0.156,,5
44,1,0.46,,5
45,1,0.168,,5
46,1,0.164,,5
47,1,0.16,,5
48,1,0.204,,5
49,1,0.304,,5
50,1,0.164,,5
51,1,0.22,,5
52,1,0.54,,5
53,1,0.24,,5
54,1,0.348,,5
55,1,0.164,,5
56,1,0.156,,5
57,1,0.532,,5
58,1,0.168,,5
59,1,0.168,,5
60,1,0.18,,5
61,1,0.176,,5
62,1,0.14,,5
63,1,0.128,,5
64,1,0.2,,5
65,1,0.136,,5
66,1,0.872,,5
67,1,0.88,,5
68,1,0.808,,5
69,1,0.696,,5
70,1,0.936,,5
71,1,0.656,,5
72,1,0.764,,5
1,1,0.38,,6
2,1,0.26,,6
3,1,0.388,,6
4,1,0.228,,6
5,1,0.46,,6
6,1,0.288,,6
7,1,0.296,,6
8,1,0.292,,6
9,1,0.452,,6
10,1,0.34,,6
11,1,0.4,,6
12,1,0.188,,6
13,1,0.596,,6
14,1,0.316,,6
15,1,0.176,,6
16,1,0.36,,6
17,1,0.66,,6
18,1,0.196,,6
19,1,0.188,,6
20,1,0.184,,6
21,1,0.32,,6
22,1,0.192,,6
23,1,0.428,,6
24,1,0.196,,6
25,1,0.636,,6
26,1,0.252,,6
27,1,0.372,,6
28,1,0.432,,6
29,1,0.332,,6
30,1,0.236,,6
31,1,0.228,,6
32,1,0.264,,6
33,1,0.476,,6
34,1,0.708,,6
35,1,0.808,,6
36,1,0.348,,6
37,1,0.244,,6
38,1,0.192,,6
39,1,0.312,,6
40,1,0.424,,6
41,1,0.292,,6
42,1,0.212,,6
43,1,0.156,,6
44,1,0.46,,6
45,1,0.168,,6
46,1,0.164,,6
47,1,0.16,,6
48,1,0.204,,6
49,1,0.304,,6
50,1,0.164,,6
51,1,0.22,,6
52,1,0.54,,6
53,1,0.24,,6
54,1,0.348,,6
55,1,0.164,,6
56,1,0.156,,6
57,1,0.532,,6
58,1,0.168,,6
59,1,0.168,,6
60,1,0.18,,6
61,1,0.176,,6
62,1,0.14,,6
63,1,0.128,,6
64,1,0.2,,6
65,1,0.136,,6
66,1,0.872,,6
67,1,0.88,,6
68,1,0.808,,6
69,1,0.696,,6
70,1,0.936,,6
71,1,0.656,,6
72,1,0.764,,6
1,1,0.241758241758242,,7
2,1,0.234432234432234,,7
3,1,0.164835164835165,,7
4,1,0.142857142857143,,7
5,1,0.153846153846154,,7
6,1,0.19047619047619,,7
7,1,0.227106227106227,,7
8,1,0.245421245421245,,7
9,1,0.252747252747253,,7
10,1,0.326007326007326,,7
11,1,0.322344322344322,,7
12,1,0.267399267399267,,7
13,1,0.421245421245421,,7
14,1,0.307692307692308,,7
15,1,0.21978021978022,,7
16,1,0.311355311355311,,7
17,1,0.227106227106227,,7
18,1,0.168498168498169,,7
19,1,0.194139194139194,,7
20,1,0.208791208791209,,7
21,1,0.256410256410256,,7
22,1,0.194139194139194,,7
23,1,0.282051282051282,,7
24,1,0.17948717948718,,7
25,1,0.36996336996337,,7
26,1,0.285714285714286,,7
27,1,0.366300366300366,,7
28,1,0.63003663003663,,7
29,1,0.32967032967033,,7
30,1,0.267399267399267,,7
31,1,0.186813186813187,,7
32,1,0.26007326007326,,7
33,1,1.48717948717949,,7
34,1,0.633699633699634,,7
35,1,0.54945054945055,,7
36,1,0.322344322344322,,7
37,1,0.183150183150183,,7
38,1,0.186813186813187,,7
39,1,0.274725274725275,,7
40,1,0.241758241758242,,7
41,1,0.175824175824176,,7
42,1,0.197802197802198,,7
43,1,0.267399267399267,,7
44,1,0.249084249084249,,7
45,1,0.296703296703297,,7
46,1,0.263736263736264,,7
47,1,0.223443223443223,,7
48,1,0.183150183150183,,7
49,1,0.19047619047619,,7
50,1,0.194139194139194,,7
51,1,0.186813186813187,,7
52,1,1.48351648351648,,7
53,1,0.311355311355311,,7
54,1,0.315018315018315,,7
55,1,0.194139194139194,,7
56,1,0.223443223443223,,7
57,1,1.94139194139194,,7
58,1,0.333333333333333,,7
59,1,0.289377289377289,,7
60,1,0.212454212454212,,7
61,1,0.344322344322344,,7
62,1,0.252747252747253,,7
63,1,0.340659340659341,,7
64,1,0.318681318681319,,7
65,1,0.293040293040293,,7
66,1,1.19047619047619,,7
67,1,0.84981684981685,,7
68,1,0.904761904761905,,7
69,1,1.17582417582418,,7
70,1,1.1978021978022,,7
71,1,0.483516483516484,,7
72,1,1.28571428571429,,7
1,1,0.241758241758242,,8
2,1,0.234432234432234,,8
3,1,0.164835164835165,,8
4,1,0.142857142857143,,8
5,1,0.153846153846154,,8
6,1,0.19047619047619,,8
7,1,0.227106227106227,,8
8,1,0.245421245421245,,8
9,1,0.252747252747253,,8
10,1,0.326007326007326,,8
11,1,0.322344322344322,,8
12,1,0.267399267399267,,8
13,1,0.421245421245421,,8
14,1,0.307692307692308,,8
15,1,0.21978021978022,,8
16,1,0.311355311355311,,8
17,1,0.227106227106227,,8
18,1,0.168498168498169,,8
19,1,0.194139194139194,,8
20,1,0.208791208791209,,8
21,1,0.256410256410256,,8
22,1,0.194139194139194,,8
23,1,0.282051282051282,,8
24,1,0.17948717948718,,8
25,1,0.36996336996337,,8
26,1,0.285714285714286,,8
27,1,0.366300366300366,,8
28,1,0.63003663003663,,8
29,1,0.32967032967033,,8
30,1,0.267399267399267,,8
31,1,0.186813186813187,,8
32,1,0.26007326007326,,8
33,1,1.48717948717949,,8
34,1,0.633699633699634,,8
35,1,0.54945054945055,,8
36,1,0.322344322344322,,8
37,1,0.183150183150183,,8
38,1,0.186813186813187,,8
39,1,0.274725274725275,,8
40,1,0.241758241758242,,8
41,1,0.175824175824176,,8
42,1,0.197802197802198,,8
43,1,0.267399267399267,,8
44,1,0.249084249084249,,8
45,1,0.296703296703297,,8
46,1,0.263736263736264,,8
47,1,0.223443223443223,,8
48,1,0.183150183150183,,8
49,1,0.19047619047619,,8
50,1,0.194139194139194,,8
51,1,0.186813186813187,,8
52,1,1.48351648351648,,8
53,1,0.311355311355311,,8
54,1,0.315018315018315,,8
55,1,0.194139194139194,,8
56,1,0.223443223443223,,8
57,1,1.94139194139194,,8
58,1,0.333333333333333,,8
59,1,0.289377289377289,,8
60,1,0.212454212454212,,8
61,1,0.344322344322344,,8
62,1,0.252747252747253,,8
63,1,0.340659340659341,,8
64,1,0.318681318681319,,8
65,1,0.293040293040293,,8
66,1,1.19047619047619,,8
67,1,0.84981684981685,,8
68,1,0.904761904761905,,8
69,1,1.17582417582418,,8
70,1,1.1978021978022,,8
71,1,0.483516483516484,,8
72,1,1.28571428571429,,8
